3947.46  5.33704
3948.70  3.772938
3949.94  3.746305
3951.18  4.844689
3952.42  3.373327
3953.67  3.888362
3954.91  4.244303
3956.15  4.225242
3957.39  4.032067
3958.63  2.876286
3959.87  5.650587
3961.11  6.185816
3962.35  4.851446
3963.59  5.350678
3964.83  3.780638
3966.07  3.687761
3967.32  4.194851
3968.56  4.745239
3969.80  3.995885
3971.04  4.23465
3972.28  4.00984
3973.52  4.293431
3974.76  4.553128
3976.00  3.988448
3977.24  4.133193
3978.48  3.867946
3979.72  4.268104
3980.96  4.720991
3982.21  3.540867
3983.45  3.582295
3984.69  4.244775
3985.93  3.922449
3987.17  4.643456
3988.41  3.788253
3989.65  4.170155
3990.89  4.009793
3992.13  4.589979
3993.37  4.699863
3994.61  3.836862
3995.86  4.516951
3997.10  4.034235
3998.34  4.914936
3999.58  4.729433
4000.82  3.887436
4002.06  4.198267
4003.30  4.405437
4004.54  5.092266
4005.78  4.043515
4007.02  3.802009
4008.26  4.505958
4009.50  4.605038
4010.75  5.63083
4011.99  4.372505
4013.23  4.090172
4014.47  4.09542
4015.71  4.247873
4016.95  5.168809
4018.19  4.077314
4019.43  4.246394
4020.67  4.012272
4021.91  4.724334
4023.15  5.035646
4024.40  3.917496
4025.64  4.597423
4026.88  4.242336
4028.12  5.095602
4029.36  5.417857
4030.60  4.038496
4031.84  4.891787
4033.08  4.529275
4034.32  4.860345
4035.56  4.93272
4036.80  3.895657
4038.05  4.201051
4039.29  4.097491
4040.53  4.871046
4041.77  4.766003
4043.01  4.051701
4044.25  4.399593
4045.49  4.521788
4046.73  5.506855
4047.97  4.402176
4049.21  4.254083
4050.45  4.640174
4051.69  4.67374
4052.94  5.130197
4054.18  4.088483
4055.42  3.252383
4056.66  3.700157
4057.90  4.755704
4059.14  4.439985
4060.38  3.983487
4061.62  4.244369
4062.86  4.20081
4064.10  4.584897
4065.34  4.999216
4066.59  4.108819
4067.83  4.36929
4069.07  4.201849
4070.31  4.732764
4071.55  5.73371
4072.79  3.930258
4074.03  3.924851
4075.27  4.099264
4076.51  4.926814
4077.75  5.35842
4078.99  4.360511
4080.23  3.971423
4081.48  4.00383
4082.72  4.771357
4083.96  4.641951
4085.20  4.523087
4086.44  4.960174
4087.68  4.397061
4088.92  4.898843
4090.16  4.590755
4091.40  4.047609
4092.64  3.911866
4093.88  3.921004
4095.13  5.016178
4096.37  4.146516
4097.61  4.149057
4098.85  4.398176
4100.09  4.245535
4101.33  5.134094
4102.57  3.5692
4103.81  3.511208
4105.05  4.109746
4106.29  4.446709
4107.53  5.386049
4108.77  3.821677
4110.02  4.428705
4111.26  4.124162
4112.50  4.673235
4113.74  4.947189
4114.98  3.902713
4116.22  4.609632
4117.46  4.460025
4118.70  4.969862
4119.94  4.746704
4121.18  3.471944
4122.42  4.281201
4123.67  4.239825
4124.91  4.849387
4126.15  4.861393
4127.39  3.853653
4128.63  3.970449
4129.87  4.017879
4131.11  4.82874
4132.35  4.559242
4133.59  4.247617
4134.83  4.37812
4136.07  4.059088
4137.32  4.878992
4138.56  4.042717
4139.80  4.02661
4141.04  4.454351
4142.28  4.708912
4143.52  5.301027
4144.76  4.411953
4146.00  4.552559
4147.24  4.124996
4148.48  4.214555
4149.72  5.00385
4150.96  3.929123
4152.21  4.133219
4153.45  4.465711
4154.69  4.177228
4155.93  4.746637
4157.17  4.216783
4158.41  4.268985
4159.65  4.155181
4160.89  4.789445
4162.13  4.80745
4163.37  3.929653
4164.61  4.797893
4165.86  4.152115
4167.10  4.437434
4168.34  4.565361
4169.58  4.154939
4170.82  4.785696
4172.06  4.550786
4173.30  5.586262
4174.54  5.043472
4175.78  4.191378
4177.02  4.285002
4178.26  3.969198
4179.50  5.33552
4180.75  5.045258
4181.99  4.310036
4183.23  4.735214
4184.47  4.681964
4185.71  4.768785
4186.95  4.330247
4188.19  4.37081
4189.43  4.60497
4190.67  4.401939
4191.91  5.82388
4193.15  4.818609
4194.40  4.438598
4195.64  4.735375
4196.88  4.366393
4198.12  5.272943
4199.36  4.747007
4200.60  5.056847
4201.84  5.041066
4203.08  4.433969
4204.32  5.214525
4205.56  4.33147
4206.80  4.949967
4208.04  4.181039
4209.29  4.734293
4210.53  5.5777
4211.77  4.044684
4213.01  3.671584
4214.25  4.165035
4215.49  5.024305
4216.73  5.000533
4217.97  3.967205
4219.21  4.783988
4220.45  3.732274
4221.69  4.576839
4222.94  4.640236
4224.18  4.102833
4225.42  4.418617
4226.66  4.000157
4227.90  5.092138
4229.14  4.846447
4230.38  3.727251
4231.62  3.992322
4232.86  3.898952
4234.10  4.57863
4235.34  4.422698
4236.59  4.090296
4237.83  3.974132
4239.07  4.297413
4240.31  5.097555
4241.55  4.337581
4242.79  4.152365
4244.03  4.315644
4245.27  3.92016
4246.51  5.014115
4247.75  3.657526
4248.99  3.992097
4250.23  4.374653
4251.48  4.511158
4252.72  5.026108
4253.96  3.761896
4255.20  4.312417
4256.44  4.245276
4257.68  4.579288
4258.92  5.360033
4260.16  4.126526
4261.40  4.030938
4262.64  4.243123
4263.88  4.732759
4265.13  5.206226
4266.37  4.204588
4267.61  4.786961
4268.85  4.48287
4270.09  4.383375
4271.33  4.533995
4272.57  3.955014
4273.81  4.562059
4275.05  4.565162
4276.29  4.758279
4277.53  5.312607
4278.77  3.918428
4280.02  4.30825
4281.26  4.290724
4282.50  4.964824
4283.74  4.852317
4284.98  4.118136
4286.22  4.790458
4287.46  4.328942
4288.70  5.026015
4289.94  4.642835
4291.18  3.947652
4292.42  4.430374
4293.67  3.996156
4294.91  4.787702
4296.15  4.676031
4297.39  3.85681
4298.63  4.259905
4299.87  4.563496
4301.11  4.999131
4302.35  4.637967
4303.59  4.342329
4304.83  4.230908
4306.07  4.259102
4307.31  5.19107
4308.56  4.335798
4309.80  4.295248
4311.04  4.423875
4312.28  4.621856
4313.52  5.248483
4314.76  3.539469
4316.00  4.050405
4317.24  4.527423
4318.48  4.321487
4319.72  4.605053
4320.96  3.703775
4322.21  4.292687
4323.45  4.120174
4324.69  4.706903
4325.93  5.104059
4327.17  4.323015
4328.41  4.622539
4329.65  4.266852
4330.89  4.730754
4332.13  5.598129
4333.37  4.527921
4334.61  4.759514
4335.85  4.465645
4337.10  4.327242
4338.34  5.111447
4339.58  3.952569
4340.82  4.115072
4342.06  3.872965
4343.30  4.530972
4344.54  5.046419
4345.78  3.972736
4347.02  4.107194
4348.26  4.016663
4349.50  4.64531
4350.75  5.163246
4351.99  3.852862
4353.23  4.847357
4354.47  4.672383
4355.71  4.546465
4356.95  5.09084
4358.19  4.436047
4359.43  4.316131
4360.67  4.008647
4361.91  4.735723
4363.15  4.482539
4364.40  4.072583
4365.64  4.427475
4366.88  3.968925
4368.12  4.714633
4369.36  4.471426
4370.60  4.199172
4371.84  4.502324
4373.08  3.945816
4374.32  4.360853
4375.56  4.268235
4376.80  4.575609
4378.04  4.685695
4379.29  4.3898
4380.53  5.115774
4381.77  4.570822
4383.01  4.416183
4384.25  5.05104
4385.49  5.278506
4386.73  5.689306
4387.97  4.560019
4389.21  4.498488
4390.45  4.479176
4391.69  4.444924
4392.94  5.617339
4394.18  4.467484
4395.42  4.419982
4396.66  4.255631
4397.90  4.332142
4399.14  5.084393
4400.38  3.483482
4401.62  3.721046
4402.86  4.310314
4404.10  4.274903
4405.34  4.737757
4406.58  3.915903
4407.83  4.228937
4409.07  4.063193
4410.31  4.91611
4411.55  5.655297
4412.79  4.261072
4414.03  3.972691
4415.27  3.795921
4416.51  4.724161
4417.75  4.356403
4418.99  4.10564
4420.23  4.854945
4421.48  4.236601
4422.72  4.414567
4423.96  4.911234
4425.20  3.858179
4426.44  4.787528
4427.68  4.482393
4428.92  5.307685
4430.16  4.826797
4431.40  3.84696
4432.64  4.258893
4433.88  4.158875
4435.12  4.75258
4436.37  4.654449
4437.61  3.332524
4438.85  4.607584
4440.09  4.457253
4441.33  4.977785
4442.57  4.905313
4443.81  3.42684
4445.05  4.096419
4446.29  4.541305
4447.53  5.120159
4448.77  4.710029
4450.02  4.151679
4451.26  4.440504
4452.50  4.008784
4453.74  5.019652
4454.98  4.844597
4456.22  4.52778
4457.46  4.870551
4458.70  4.200528
4459.94  4.866562
4461.18  4.779143
4462.42  4.764667
4463.67  4.809362
4464.91  4.114053
4466.15  4.94045
4467.39  4.512028
4468.63  4.017674
4469.87  4.310472
4471.11  4.860378
4472.35  5.515193
4473.59  4.937279
4474.83  4.266123
4476.07  4.266345
4477.31  4.314165
4478.56  4.632797
4479.80  3.670748
4481.04  3.98445
4482.28  4.709257
4483.52  4.452199
4484.76  5.318074
4486.00  4.188488
4487.24  4.414936
4488.48  4.443413
4489.72  4.841114
4490.96  5.411766
4492.21  4.181005
4493.45  4.739024
4494.69  5.078942
4495.93  5.005268
4497.17  7.466783
4498.41  8.114564
4499.65  10.07477
4500.89  11.53518
4502.13  10.91611
4503.37  8.71676
4504.61  4.972525
4505.85  5.070157
4507.10  4.202181
4508.34  5.062554
4509.58  5.581702
4510.82  4.465943
4512.06  4.438622
4513.30  3.924233
4514.54  4.457546
4515.78  5.44453
4517.02  4.396513
4518.26  4.675169
4519.50  4.27522
4520.75  5.356749
4521.99  6.947562
4523.23  7.36054
4524.47  8.173157
4525.71  7.576091
4526.95  6.832695
4528.19  6.104461
4529.43  4.800264
4530.67  4.901227
4531.91  4.647975
4533.15  4.74161
4534.39  5.060104
4535.64  3.934013
4536.88  4.65107
4538.12  4.361289
4539.36  4.762648
4540.60  4.723593
4541.84  4.246226
4543.08  4.587794
4544.32  4.268721
4545.56  5.140413
4546.80  5.232496
4548.04  4.025905
4549.29  4.382626
4550.53  4.389258
4551.77  5.098366
4553.01  5.277425
4554.25  4.693605
4555.49  4.97222
4556.73  4.166192
4557.97  4.88991
4559.21  4.994162
4560.45  4.05764
4561.69  4.452998
4562.94  4.393532
4564.18  5.175887
4565.42  4.85576
4566.66  4.328364
4567.90  4.411219
4569.14  4.048665
4570.38  4.973817
4571.62  4.571797
4572.86  3.999887
4574.10  4.354573
4575.34  4.309568
4576.58  5.088141
4577.83  4.318017
4579.07  4.025901
4580.31  5.176736
4581.55  5.674229
4582.79  7.144236
4584.03  6.483453
4585.27  5.093906
4586.51  4.70899
4587.75  4.420366
4588.99  4.714092
4590.23  4.164262
4591.48  4.029959
4592.72  3.874311
4593.96  4.110723
4595.20  4.883273
4596.44  4.164163
4597.68  3.906316
4598.92  4.501796
4600.16  4.115649
4601.40  4.745092
4602.64  4.398825
4603.88  4.58828
4605.12  4.580072
4606.37  4.207229
4607.61  4.802476
4608.85  4.357332
4610.09  4.482469
4611.33  5.038387
4612.57  4.807639
4613.81  5.421073
4615.05  4.847174
4616.29  4.814224
4617.53  4.971528
4618.77  5.530969
4620.02  8.678899
4621.26  12.98859
4622.50  21.10542
4623.74  28.82434
4624.98  27.61399
4626.22  20.9814
4627.46  11.50475
4628.70  7.778527
4629.94  6.090885
4631.18  4.78099
4632.42  5.241776
4633.66  3.944862
4634.91  4.335167
4636.15  4.353617
4637.39  5.285118
4638.63  5.379571
4639.87  4.631972
4641.11  4.683756
4642.35  4.739566
4643.59  4.69439
4644.83  5.078129
4646.07  4.53475
4647.31  4.95946
4648.56  4.095644
4649.80  4.44558
4651.04  5.207331
4652.28  3.863688
4653.52  4.23924
4654.76  5.014332
4656.00  4.299763
4657.24  5.218988
4658.48  4.493949
4659.72  4.82877
4660.96  4.924316
4662.21  5.027372
4663.45  6.190408
4664.69  5.560809
4665.93  7.005283
4667.17  11.47615
4668.41  24.49264
4669.65  44.69642
4670.89  58.54282
4672.13  52.46625
4673.37  33.38649
4674.61  16.42051
4675.85  11.35335
4677.10  6.06303
4678.34  5.011479
4679.58  4.943134
4680.82  4.9891
4682.06  5.268054
4683.30  4.171787
4684.54  4.60655
4685.78  5.030007
4687.02  5.074844
4688.26  5.997342
4689.50  5.741517
4690.75  6.657364
4691.99  6.538729
4693.23  6.470463
4694.47  8.956201
4695.71  10.99198
4696.95  11.96345
4698.19  10.25777
4699.43  8.529651
4700.67  6.537469
4701.91  4.778618
4703.15  4.604071
4704.39  4.414028
4705.64  4.320703
4706.88  4.567107
4708.12  4.080618
4709.36  4.36894
4710.60  3.978403
4711.84  4.14179
4713.08  5.391163
4714.32  3.885716
4715.56  4.460129
4716.80  4.610756
4718.04  4.79188
4719.29  4.92271
4720.53  4.051213
4721.77  4.363407
4723.01  4.877693
4724.25  5.092917
4725.49  5.104263
4726.73  4.025874
4727.97  5.029791
4729.21  5.12777
4730.45  7.202332
4731.69  12.05739
4732.93  16.81071
4734.18  19.78662
4735.42  16.40764
4736.66  11.10053
4737.90  7.446203
4739.14  5.32853
4740.38  4.394811
4741.62  3.974171
4742.86  4.507896
4744.10  4.736189
4745.34  4.27842
4746.58  4.60505
4747.83  4.622642
4749.07  5.265606
4750.31  4.906649
4751.55  4.145672
4752.79  4.594765
4754.03  4.331079
4755.27  4.773141
4756.51  4.972039
4757.75  4.836882
4758.99  5.039458
4760.23  4.436133
4761.48  4.483996
4762.72  5.458316
4763.96  4.451191
4765.20  4.525587
4766.44  4.765701
4767.68  5.145886
4768.92  5.011831
4770.16  4.169408
4771.40  4.206616
4772.64  4.403176
4773.88  4.934529
4775.12  5.231965
4776.37  3.886385
4777.61  4.161306
4778.85  3.756797
4780.09  4.731333
4781.33  4.79018
4782.57  3.744359
4783.81  4.5279
4785.05  4.573153
4786.29  4.823288
4787.53  4.90964
4788.77  4.604879
4790.02  5.289104
4791.26  5.238534
4792.50  6.348773
4793.74  6.133329
4794.98  4.816079
4796.22  4.619748
4797.46  4.990192
4798.70  5.507086
4799.94  4.87004
4801.18  3.850345
4802.42  5.089944
4803.66  7.137833
4804.91  13.79226
4806.15  20.16157
4807.39  19.99305
4808.63  15.31417
4809.87  9.155889
4811.11  7.064146
4812.35  5.60108
4813.59  4.52378
4814.83  4.98448
4816.07  4.222934
4817.31  5.11293
4818.56  4.911763
4819.80  4.170247
4821.04  4.877834
4822.28  5.01609
4823.52  5.652777
4824.76  5.506511
4826.00  5.431424
4827.24  9.551844
4828.48  14.16417
4829.72  16.68836
4830.96  13.48462
4832.20  8.694603
4833.45  6.496743
4834.69  4.942385
4835.93  5.63093
4837.17  5.202815
4838.41  3.999929
4839.65  5.446109
4840.89  8.13903
4842.13  12.32663
4843.37  13.77368
4844.61  10.63869
4845.85  7.943968
4847.10  6.069467
4848.34  5.869754
4849.58  5.759418
4850.82  4.93256
4852.06  5.174145
4853.30  4.551938
4854.54  4.779735
4855.78  4.582254
4857.02  4.638511
4858.26  4.18629
4859.50  4.010962
4860.75  5.119573
4861.99  4.790835
4863.23  3.750815
4864.47  4.533942
4865.71  4.606523
4866.95  4.921712
4868.19  4.374672
4869.43  3.77728
4870.67  4.083639
4871.91  3.954469
4873.15  5.226481
4874.39  4.422194
4875.64  3.904025
4876.88  4.901832
4878.12  4.58609
4879.36  5.036049
4880.60  4.994838
4881.84  4.176352
4883.08  4.434747
4884.32  4.299072
4885.56  4.401525
4886.80  5.02591
4888.04  3.724746
4889.29  3.979344
4890.53  4.696737
4891.77  5.442722
4893.01  4.796184
4894.25  3.825027
4895.49  4.381265
4896.73  4.000946
4897.97  5.121072
4899.21  5.416592
4900.45  3.827926
4901.69  4.209452
4902.93  4.732606
4904.18  4.967466
4905.42  4.633603
4906.66  3.879826
4907.90  4.394496
4909.14  4.391721
4910.38  5.037047
4911.62  5.368037
4912.86  5.502183
4914.10  9.355535
4915.34  15.34806
4916.58  17.89592
4917.83  15.21947
4919.07  9.440766
4920.31  9.580944
4921.55  14.20384
4922.79  18.40507
4924.03  16.6735
4925.27  10.26664
4926.51  7.183704
4927.75  5.561304
4928.99  5.429861
4930.23  5.084342
4931.47  4.07889
4932.72  4.735468
4933.96  4.857089
4935.20  5.083738
4936.44  5.217669
4937.68  3.690024
4938.92  4.063196
4940.16  4.454653
4941.40  5.059656
4942.64  5.499075
4943.88  4.4862
4945.12  4.437799
4946.37  4.42051
4947.61  4.589174
4948.85  4.707373
4950.09  3.739928
4951.33  3.873104
4952.57  4.427383
4953.81  5.206916
4955.05  4.863345
4956.29  3.874196
4957.53  4.668075
4958.77  4.476968
4960.01  4.883111
4961.26  5.049263
4962.50  3.614971
4963.74  4.058867
4964.98  4.258547
4966.22  4.602992
4967.46  4.832235
4968.70  4.057847
4969.94  4.485914
4971.18  4.078407
4972.42  4.335692
4973.66  4.664042
4974.91  4.355002
4976.15  4.741796
4977.39  4.312064
4978.63  4.963516
4979.87  5.122192
4981.11  3.694307
4982.35  4.281749
4983.59  4.636998
4984.83  4.857196
4986.07  4.875158
4987.31  4.07783
4988.56  4.695114
4989.80  4.447972
4991.04  5.185192
4992.28  4.838876
4993.52  3.90483
4994.76  4.449956
4996.00  4.817135
4997.24  4.633435
4998.48  4.997868
4999.72  4.2743
5000.96  4.407135
5002.20  3.995213
5003.45  4.926191
5004.69  5.514463
5005.93  4.215697
5007.17  4.802762
5008.41  4.079632
5009.65  4.859257
5010.89  5.079285
5012.13  4.087888
5013.37  4.540833
5014.61  4.225924
5015.85  4.716543
5017.10  5.329408
5018.34  4.153366
5019.58  5.077387
5020.82  4.804336
5022.06  4.720835
5023.30  5.594805
5024.54  4.22235
5025.78  4.350019
5027.02  5.853433
5028.26  7.450786
5029.50  7.548346
5030.74  4.786664
5031.99  4.674047
5033.23  4.495712
5034.47  4.766707
5035.71  5.422852
5036.95  4.064197
5038.19  4.907562
5039.43  4.190925
5040.67  4.139697
5041.91  5.289793
5043.15  4.564729
5044.39  4.787167
5045.64  3.880947
5046.88  4.437232
5048.12  5.368487
5049.36  4.325504
5050.60  4.132214
5051.84  4.571248
5053.08  4.47948
5054.32  5.099526
5055.56  4.125472
5056.80  4.295529
5058.04  3.958268
5059.28  4.871914
5060.53  5.36479
5061.77  3.998343
5063.01  4.264579
5064.25  4.505999
5065.49  5.159132
5066.73  5.180203
5067.97  3.819083
5069.21  4.300235
5070.45  4.687013
5071.69  4.583601
5072.93  5.508925
5074.18  4.37009
5075.42  4.64863
5076.66  4.206161
5077.90  4.050431
5079.14  5.732607
5080.38  4.369829
5081.62  4.658607
5082.86  4.477676
5084.10  4.417531
5085.34  5.646887
5086.58  4.83894
5087.83  5.017121
5089.07  5.017645
5090.31  4.277544
5091.55  5.099286
5092.79  4.612535
5094.03  4.469802
5095.27  4.425213
5096.51  4.515197
5097.75  5.71887
5098.99  4.552577
5100.23  4.129538
5101.47  4.649892
5102.72  4.546367
5103.96  5.602126
5105.20  4.809249
5106.44  4.884236
5107.68  4.794508
5108.92  4.830656
5110.16  5.469238
5111.40  4.777821
5112.64  4.492329
5113.88  4.261403
5115.12  4.449668
5116.37  5.705784
5117.61  4.657363
5118.85  3.78398
5120.09  7.983086
5121.33  5.807278
5122.57  4.942727
5123.81  4.540051
5125.05  5.124824
5126.29  5.038167
5127.53  4.502954
5128.77  5.163049
5130.01  4.662557
5131.26  4.211741
5132.50  4.241998
5133.74  4.117348
5134.98  4.783304
5136.22  4.60512
5137.46  4.105091
5138.70  4.320065
5139.94  4.471213
5141.18  5.036789
5142.42  4.405475
5143.66  4.156879
5144.91  4.251637
5146.15  4.176042
5147.39  5.022887
5148.63  4.45946
5149.87  4.150447
5151.11  4.331928
5152.35  3.845828
5153.59  5.198199
5154.83  5.026443
5156.07  4.106667
5157.31  4.298468
5158.55  3.936355
5159.80  4.884281
5161.04  4.63255
5162.28  4.116822
5163.52  4.856307
5164.76  4.370242
5166.00  4.668863
5167.24  4.670658
5168.48  4.28422
5169.72  4.921368
5170.96  4.765487
5172.20  4.851688
5173.45  4.569586
5174.69  4.067834
5175.93  4.277119
5177.17  4.163652
5178.41  5.183859
5179.65  5.007337
5180.89  3.932399
5182.13  5.17609
5183.37  4.828094
5184.61  4.782626
5185.85  4.604035
5187.10  4.222736
5188.34  4.407072
5189.58  4.893174
5190.82  4.792601
5192.06  4.811193
5193.30  4.505857
5194.54  5.073106
5195.78  6.631428
5197.02  4.886286
5198.26  5.046336
5199.50  4.024052
5200.74  4.365334
5201.99  4.465408
5203.23  4.312665
5204.47  5.531883
5205.71  4.836855
5206.95  4.478263
5208.19  4.51017
5209.43  4.195295
5210.67  4.074823
5211.91  4.364751
5213.15  4.544107
5214.39  4.804403
5215.64  4.273736
5216.88  4.425362
5218.12  4.873965
5219.36  4.976359
5220.60  4.500507
5221.84  3.881488
5223.08  4.239508
5224.32  4.631397
5225.56  4.705433
5226.80  4.455107
5228.04  3.857089
5229.28  4.162649
5230.53  4.532028
5231.77  4.812031
5233.01  4.64676
5234.25  4.248876
5235.49  4.279019
5236.73  4.759503
5237.97  4.775661
5239.21  4.334756
5240.45  4.273865
5241.69  4.406213
5242.93  4.810004
5244.18  4.800133
5245.42  4.483891
5246.66  4.166364
5247.90  4.3515
5249.14  4.658435
5250.38  5.205305
5251.62  4.337674
5252.86  4.780786
5254.10  4.64864
5255.34  4.968823
5256.58  4.89252
5257.82  4.477887
5259.07  4.721935
5260.31  4.139155
5261.55  4.630788
5262.79  4.909384
5264.03  4.156025
5265.27  4.735229
5266.51  4.627144
5267.75  4.905517
5268.99  4.888319
5270.23  4.19505
5271.47  4.686086
5272.72  4.594564
5273.96  5.132278
5275.20  4.874799
5276.44  4.242995
5277.68  4.604681
5278.92  4.131138
5280.16  5.130425
5281.40  5.370009
5282.64  4.502029
5283.88  4.530577
5285.12  4.17317
5286.37  4.901526
5287.61  5.286682
5288.85  4.466459
5290.09  4.414424
5291.33  4.318192
5292.57  5.000286
5293.81  5.116458
5295.05  4.398993
5296.29  4.438655
5297.53  4.210119
5298.77  4.942564
5300.01  4.554679
5301.26  4.215567
5302.50  4.364406
5303.74  4.153548
5304.98  5.005858
5306.22  4.974771
5307.46  4.39896
5308.70  4.148777
5309.94  4.205979
5311.18  5.105793
5312.42  5.005751
5313.66  4.45159
5314.91  4.500059
5316.15  4.684305
5317.39  5.365511
5318.63  4.834281
5319.87  4.585135
5321.11  4.570384
5322.35  4.388868
5323.59  5.364951
5324.83  5.204742
5326.07  4.386545
5327.31  4.578403
5328.55  4.508427
5329.80  4.68396
5331.04  4.482596
5332.28  4.446282
5333.52  4.910298
5334.76  4.827053
5336.00  5.320306
5337.24  5.045654
5338.48  4.829395
5339.72  4.536873
5340.96  4.581839
5342.20  4.923067
5343.45  4.63377
5344.69  4.66907
5345.93  4.480794
5347.17  4.472039
5348.41  4.990004
5349.65  4.92535
5350.89  4.525684
5352.13  4.25894
5353.37  4.653574
5354.61  4.749888
5355.85  4.642614
5357.09  4.701118
5358.34  4.486744
5359.58  4.529812
5360.82  4.621772
5362.06  5.006492
5363.30  4.7933
5364.54  4.745896
5365.78  5.145394
5367.02  4.904322
5368.26  4.996739
5369.50  4.801501
5370.74  4.545508
5371.99  4.51943
5373.23  4.677564
5374.47  4.819626
5375.71  4.687367
5376.95  4.685043
5378.19  4.789113
5379.43  4.661692
5380.67  4.829792
5381.91  4.61807
5383.15  4.27482
5384.39  4.68626
5385.64  4.780893
5386.88  4.818743
5388.12  4.822432
5389.36  4.666308
5390.60  5.113154
5391.84  5.363761
5393.08  5.643077
5394.32  5.439017
5395.56  4.790093
5396.80  5.087514
5398.04  4.675116
5399.28  4.643735
5400.53  4.778025
5401.77  4.595561
5403.01  5.183405
5404.25  4.741109
5405.49  4.99823
5406.73  4.964249
5407.97  4.866366
5409.21  5.482102
5410.45  4.829823
5411.69  4.834083
5412.93  4.9052
5414.18  4.677801
5415.42  4.812672
5416.66  4.321463
5417.90  4.679586
5419.14  4.650732
5420.38  4.794043
5421.62  5.174804
5422.86  4.395148
5424.10  4.712846
5425.34  4.905967
5426.58  4.437343
5427.82  4.820902
5429.07  4.568564
5430.31  4.79446
5431.55  4.785975
5432.79  4.658278
5434.03  5.062199
5435.27  4.558413
5436.51  4.837506
5437.75  5.071038
5438.99  4.641542
5440.23  5.544521
5441.47  4.98288
5442.72  4.994146
5443.96  4.944397
5445.20  4.911681
5446.44  5.303331
5447.68  4.518218
5448.92  4.733224
5450.16  4.893729
5451.40  4.905095
5452.64  4.978051
5453.88  4.665861
5455.12  4.835328
5456.36  5.26759
5457.61  4.94254
5458.85  5.169504
5460.09  4.373768
5461.33  4.823546
5462.57  5.058526
5463.81  4.745217
5465.05  4.949726
5466.29  4.286262
5467.53  4.749137
5468.77  4.725118
5470.01  4.711793
5471.26  4.95005
5472.50  4.051976
5473.74  4.384216
5474.98  4.863131
5476.22  5.025583
5477.46  4.954739
5478.70  4.464817
5479.94  4.903108
5481.18  5.073323
5482.42  4.65239
5483.66  4.861179
5484.91  4.272081
5486.15  4.683443
5487.39  4.981279
5488.63  4.962799
5489.87  5.182306
5491.11  4.583757
5492.35  4.504798
5493.59  4.834459
5494.83  4.848077
5496.07  4.95268
5497.31  4.207595
5498.55  4.612455
5499.80  4.992866
5501.04  5.062786
5502.28  4.564788
5503.52  4.579339
5504.76  4.49452
5506.00  4.84453
5507.24  4.920213
5508.48  4.792595
5509.72  4.49032
5510.96  4.27752
5512.20  4.704781
5513.45  4.852067
5514.69  4.513663
5515.93  4.480152
5517.17  4.610958
5518.41  4.892387
5519.65  5.274366
5520.89  4.788207
5522.13  4.317786
5523.37  4.171704
5524.61  4.791727
5525.85  5.144249
5527.09  4.937714
5528.34  4.592594
5529.58  4.359446
5530.82  4.803115
5532.06  5.336926
5533.30  5.12036
5534.54  4.849101
5535.78  4.55503
5537.02  4.677007
5538.26  5.131107
5539.50  4.358981
5540.74  4.229652
5541.99  4.335527
5543.23  4.68476
5544.47  5.045793
5545.71  4.536523
5546.95  4.650893
5548.19  4.580791
5549.43  4.882695
5550.67  5.811469
5551.91  5.223793
5553.15  4.787356
5554.39  4.96777
5555.63  5.01065
5556.88  5.285271
5558.12  4.712092
5559.36  4.765894
5560.60  4.895417
5561.84  5.045724
5563.08  5.238986
5564.32  4.820042
5565.56  5.253752
5566.80  5.052035
5568.04  5.247436
5569.28  5.523531
5570.53  4.595246
5571.77  4.625826
5573.01  4.632843
5574.25  4.647037
5575.49  5.332556
5576.73  4.923643
5577.97  4.894773
5579.21  4.925196
5580.45  5.043195
5581.69  5.797618
5582.93  4.90388
5584.17  4.893663
5585.42  4.930295
5586.66  5.243049
5587.90  5.594707
5589.14  4.635069
5590.38  4.483502
5591.62  4.380155
5592.86  4.602166
5594.10  5.482411
5595.34  4.581682
5596.58  4.49693
5597.82  4.818231
5599.07  4.634123
5600.31  5.725923
5601.55  4.945739
5602.79  4.180359
5604.03  4.69713
5605.27  4.661678
5606.51  5.397752
5607.75  4.706477
5608.99  4.82122
5610.23  4.847467
5611.47  4.888586
5612.72  6.114388
5613.96  4.878558
5615.20  5.208163
5616.44  4.961437
5617.68  5.11533
5618.92  6.352868
5620.16  5.849152
5621.40  5.015662
5622.64  4.905836
5623.88  4.825637
5625.12  5.473626
5626.36  4.442476
5627.61  4.238096
5628.85  4.623696
5630.09  4.421194
5631.33  5.222866
5632.57  4.973282
5633.81  4.794711
5635.05  4.514577
5636.29  4.957601
5637.53  5.710021
5638.77  4.768272
5640.01  4.472214
5641.26  4.505843
5642.50  5.05618
5643.74  5.713054
5644.98  5.096936
5646.22  4.975333
5647.46  4.716119
5648.70  4.555829
5649.94  5.344071
5651.18  4.646026
5652.42  4.337521
5653.66  4.863568
5654.90  4.692824
5656.15  5.025309
5657.39  4.918893
5658.63  4.45551
5659.87  4.479822
5661.11  4.70743
5662.35  5.594219
5663.59  5.049932
5664.83  4.638732
5666.07  4.72299
5667.31  4.480819
5668.55  5.263953
5669.80  5.017249
5671.04  4.754634
5672.28  4.494161
5673.52  4.625472
5674.76  5.389084
5676.00  4.596655
5677.24  4.397818
5678.48  4.68581
5679.72  4.756766
5680.96  5.048279
5682.20  4.90513
5683.44  4.849903
5684.69  5.056658
5685.93  4.894333
5687.17  4.981907
5688.41  4.83687
5689.65  4.9463
5690.89  4.710297
5692.13  4.443566
5693.37  5.285221
5694.61  5.620482
5695.85  5.912069
5697.09  5.651171
5698.34  5.133003
5699.58  5.739504
5700.82  5.414589
5702.06  5.039933
5703.30  4.900785
5704.54  4.851965
5705.78  5.442462
5707.02  5.333249
5708.26  4.817897
5709.50  4.913328
5710.74  5.062634
5711.99  5.528511
5713.23  5.388893
5714.47  5.774002
5715.71  5.550308
5716.95  5.791033
5718.19  5.713331
5719.43  5.041421
5720.67  5.183119
5721.91  4.88077
5723.15  4.782457
5724.39  5.431148
5725.63  5.055497
5726.88  5.023035
5728.12  4.903245
5729.36  4.759946
5730.60  5.26201
5731.84  5.301867
5733.08  5.106562
5734.32  4.89943
5735.56  4.679976
5736.80  4.776261
5738.04  4.823837
5739.28  5.154224
5740.53  4.80976
5741.77  5.029998
5743.01  4.821997
5744.25  4.9249
5745.49  5.046492
5746.73  4.759407
5747.97  4.887135
5749.21  5.007964
5750.45  4.653398
5751.69  4.665231
5752.93  4.702566
5754.17  4.651581
5755.42  4.721152
5756.66  5.045989
5757.90  5.092674
5759.14  4.668762
5760.38  4.980351
5761.62  5.057794
5762.86  4.769306
5764.10  4.604678
5765.34  4.45465
5766.58  4.718404
5767.82  5.05286
5769.07  4.776032
5770.31  4.873218
5771.55  4.763107
5772.79  4.989925
5774.03  5.348983
5775.27  4.973379
5776.51  4.956773
5777.75  5.213582
5778.99  4.884747
5780.23  4.6937
5781.47  4.745908
5782.71  5.141582
5783.96  4.764338
5785.20  4.830631
5786.44  5.031644
5787.68  4.72729
5788.92  5.304754
5790.16  4.546784
5791.40  4.71991
5792.64  5.49683
5793.88  4.877469
5795.12  4.97563
5796.36  4.619529
5797.61  4.790918
5798.85  5.413537
5800.09  4.622423
5801.33  4.981331
5802.57  5.093534
5803.81  5.073462
5805.05  5.231718
5806.29  4.595297
5807.53  5.01202
5808.77  4.69007
5810.01  4.930222
5811.26  5.27085
5812.50  4.759483
5813.74  5.352734
5814.98  5.432427
5816.22  5.413412
5817.46  5.403193
5818.70  4.937083
5819.94  5.522817
5821.18  6.079596
5822.42  7.564919
5823.66  8.915339
5824.90  8.271675
5826.15  7.452919
5827.39  6.463633
5828.63  5.708109
5829.87  6.130766
5831.11  5.370233
5832.35  5.373978
5833.59  5.129443
5834.83  5.063447
5836.07  5.116825
5837.31  4.560357
5838.55  5.4567
5839.80  4.855274
5841.04  4.816793
5842.28  5.767422
5843.52  4.93655
5844.76  4.904276
5846.00  4.5702
5847.24  4.557076
5848.48  4.935745
5849.72  4.622181
5850.96  4.597205
5852.20  4.853211
5853.44  4.783703
5854.69  5.445065
5855.93  4.77878
5857.17  5.467368
5858.41  4.835753
5859.65  4.612998
5860.89  5.362234
5862.13  4.626472
5863.37  5.120611
5864.61  5.230371
5865.85  4.891326
5867.09  4.67644
5868.34  4.298659
5869.58  5.245441
5870.82  5.671568
5872.06  5.71951
5873.30  6.697204
5874.54  6.641023
5875.78  7.158629
5877.02  6.567746
5878.26  5.329424
5879.50  5.381859
5880.74  4.953132
5881.98  5.346561
5883.23  5.258625
5884.47  4.903266
5885.71  5.395656
5886.95  4.945088
5888.19  5.154248
5889.43  5.387348
5890.67  5.201731
5891.91  6.300228
5893.15  6.287
5894.39  7.021046
5895.63  7.530163
5896.88  6.323179
5898.12  6.147461
5899.36  5.321306
5900.60  4.919389
5901.84  5.286987
5903.08  4.962751
5904.32  5.432715
5905.56  4.971056
5906.80  4.998729
5908.04  5.374068
5909.28  5.057977
5910.53  5.263691
5911.77  4.882776
5913.01  4.827445
5914.25  5.372035
5915.49  4.828192
5916.73  5.16067
5917.97  4.728069
5919.21  4.661593
5920.45  5.501147
5921.69  5.117137
5922.93  5.534149
5924.17  4.964906
5925.42  5.071503
5926.66  5.704665
5927.90  5.264762
5929.14  6.269366
5930.38  6.729401
5931.62  6.586205
5932.86  7.980491
5934.10  7.854239
5935.34  7.794573
5936.58  6.708042
5937.82  5.061836
5939.07  5.609632
5940.31  5.216731
5941.55  5.497374
5942.79  5.204646
5944.03  4.495386
5945.27  5.053072
5946.51  5.024524
5947.75  5.321485
5948.99  5.277885
5950.23  4.699409
5951.47  5.158216
5952.71  4.844603
5953.96  5.434267
5955.20  5.447948
5956.44  4.705801
5957.68  5.017073
5958.92  4.793604
5960.16  5.150751
5961.40  5.190419
5962.64  4.595406
5963.88  5.339828
5965.12  5.116167
5966.36  5.037389
5967.61  5.031063
5968.85  4.675179
5970.09  5.824449
5971.33  5.673162
5972.57  5.581467
5973.81  5.472397
5975.05  5.024115
5976.29  5.620498
5977.53  5.293671
5978.77  5.45811
5980.01  5.375188
5981.25  4.531224
5982.50  5.127298
5983.74  4.92587
5984.98  4.940659
5986.22  5.283161
5987.46  4.653063
5988.70  5.154863
5989.94  5.656287
5991.18  5.539954
5992.42  5.346017
5993.66  4.654241
5994.90  5.180569
5996.15  5.147337
5997.39  5.484365
5998.63  5.850141
5999.87  4.986002
6001.11  4.992518
6002.35  5.258248
6003.59  5.055186
6004.83  4.888372
6006.07  4.591208
6007.31  5.367188
6008.55  5.687765
6009.80  5.430635
6011.04  5.195094
6012.28  4.608513
6013.52  5.053503
6014.76  5.45606
6016.00  5.305392
6017.24  5.143057
6018.48  4.626336
6019.72  5.100621
6020.96  5.217936
6022.20  4.729265
6023.44  4.826063
6024.69  4.878079
6025.93  5.114334
6027.17  5.324311
6028.41  5.030994
6029.65  5.179188
6030.89  4.91738
6032.13  4.954535
6033.37  5.333117
6034.61  5.284328
6035.85  5.571301
6037.09  4.867545
6038.34  4.882596
6039.58  5.222347
6040.82  4.87903
6042.06  5.472889
6043.30  4.873917
6044.54  4.710395
6045.78  5.550466
6047.02  5.312732
6048.26  5.351835
6049.50  4.881505
6050.74  4.820882
6051.98  4.830743
6053.23  4.65043
6054.47  5.33544
6055.71  4.769631
6056.95  4.627287
6058.19  5.2551
6059.43  5.295551
6060.67  5.426923
6061.91  5.113188
6063.15  5.116213
6064.39  5.417818
6065.63  5.428324
6066.88  5.761474
6068.12  5.23234
6069.36  4.592101
6070.60  5.445642
6071.84  5.51521
6073.08  5.300486
6074.32  4.838747
6075.56  4.566958
6076.80  5.196319
6078.04  5.275169
6079.28  5.104382
6080.52  4.980957
6081.77  4.897417
6083.01  5.423478
6084.25  5.518854
6085.49  5.334344
6086.73  4.79996
6087.97  4.698435
6089.21  4.838752
6090.45  5.061775
6091.69  5.325421
6092.93  4.881326
6094.17  4.940355
6095.42  5.338076
6096.66  5.138044
6097.90  5.518808
6099.14  5.637368
6100.38  5.275754
6101.62  5.167451
6102.86  5.047104
6104.10  5.653393
6105.34  5.304558
6106.58  4.656149
6107.82  5.415781
6109.07  5.987123
6110.31  6.467693
6111.55  6.779641
6112.79  6.015807
6114.03  5.982576
6115.27  5.914726
6116.51  5.639944
6117.75  5.497711
6118.99  4.937854
6120.23  5.222108
6121.47  5.504332
6122.71  5.644531
6123.96  5.375222
6125.20  4.716531
6126.44  5.326886
6127.68  5.479934
6128.92  5.38166
6130.16  5.347041
6131.40  4.70942
6132.64  4.832985
6133.88  5.316874
6135.12  5.266474
6136.36  5.533423
6137.61  4.729587
6138.85  4.803676
6140.09  5.394025
6141.33  5.438553
6142.57  5.630224
6143.81  5.362636
6145.05  5.400032
6146.29  5.620178
6147.53  5.728604
6148.77  5.834892
6150.01  5.255566
6151.25  5.476758
6152.50  5.780301
6153.74  5.492384
6154.98  5.631828
6156.22  5.217979
6157.46  5.549019
6158.70  5.378421
6159.94  5.42395
6161.18  5.920696
6162.42  6.961534
6163.66  7.942949
6164.90  8.014872
6166.15  6.700653
6167.39  6.47722
6168.63  5.481898
6169.87  5.483747
6171.11  5.635438
6172.35  5.373467
6173.59  5.555567
6174.83  5.669343
6176.07  6.549187
6177.31  9.228067
6178.55  10.43705
6179.79  11.81506
6181.04  12.92021
6182.28  13.07864
6183.52  11.70789
6184.76  9.098401
6186.00  7.666886
6187.24  6.471023
6188.48  6.066964
6189.72  6.434632
6190.96  6.364191
6192.20  6.101523
6193.44  5.86819
6194.69  5.539547
6195.93  6.176073
6197.17  7.439496
6198.41  8.125436
6199.65  7.930984
6200.89  6.928894
6202.13  6.839809
6203.37  6.044667
6204.61  6.118207
6205.85  5.950531
6207.09  5.235948
6208.34  5.799614
6209.58  5.752138
6210.82  5.699976
6212.06  5.320348
6213.30  4.801422
6214.54  5.349383
6215.78  5.65081
6217.02  5.431795
6218.26  5.23435
6219.50  4.906653
6220.74  5.250235
6221.98  5.442426
6223.23  5.561938
6224.47  5.782942
6225.71  5.474937
6226.95  5.418277
6228.19  5.412045
6229.43  5.358285
6230.67  5.135751
6231.91  4.465674
6233.15  5.15166
6234.39  5.377364
6235.63  5.036211
6236.88  5.185615
6238.12  4.818721
6239.36  5.024956
6240.60  5.266897
6241.84  5.414672
6243.08  5.644455
6244.32  4.980582
6245.56  5.415433
6246.80  5.579006
6248.04  5.294816
6249.28  5.673512
6250.52  4.849573
6251.77  5.05977
6253.01  5.60652
6254.25  5.490433
6255.49  5.461985
6256.73  5.01224
6257.97  5.609033
6259.21  6.132983
6260.45  6.336811
6261.69  6.464036
6262.93  5.835182
6264.17  5.836624
6265.42  6.168976
6266.66  5.983149
6267.90  6.096526
6269.14  5.579675
6270.38  5.340125
6271.62  5.443909
6272.86  5.310714
6274.10  5.56118
6275.34  5.071742
6276.58  4.901601
6277.82  5.461862
6279.06  5.291948
6280.31  5.872722
6281.55  5.163973
6282.79  5.221325
6284.03  5.916624
6285.27  5.740427
6286.51  6.33378
6287.75  5.764496
6288.99  5.290042
6290.23  6.040702
6291.47  5.968547
6292.71  6.69311
6293.96  6.455812
6295.20  5.972681
6296.44  5.957722
6297.68  5.500485
6298.92  5.570457
6300.16  5.064963
6301.40  4.976593
6302.64  5.606103
6303.88  5.533773
6305.12  5.534477
6306.36  5.371279
6307.60  5.015021
6308.85  5.28968
6310.09  5.157394
6311.33  5.525767
6312.57  5.639204
6313.81  5.75793
6315.05  7.561177
6316.29  11.7319
6317.53  15.52027
6318.77  15.29323
6320.01  11.73263
6321.25  9.236578
6322.50  7.560372
6323.74  6.607336
6324.98  5.668324
6326.22  5.123453
6327.46  5.744619
6328.70  5.411289
6329.94  5.684504
6331.18  5.638161
6332.42  5.421916
6333.66  6.368535
6334.90  6.061046
6336.15  6.119315
6337.39  5.722933
6338.63  4.855049
6339.87  5.111319
6341.11  5.136627
6342.35  5.265455
6343.59  5.352549
6344.83  5.03813
6346.07  5.312418
6347.31  5.04247
6348.55  5.107657
6349.79  5.129266
6351.04  4.825743
6352.28  5.372137
6353.52  5.093456
6354.76  5.370429
6356.00  5.606609
6357.24  4.758563
6358.48  5.529121
6359.72  5.345978
6360.96  5.071258
6362.20  5.198377
6363.44  4.861881
6364.69  5.275763
6365.93  5.55518
6367.17  5.526337
6368.41  7.140839
6369.65  4.863052
6370.89  5.213279
6372.13  5.493282
6373.37  5.885446
6374.61  5.299675
6375.85  4.838325
6377.09  5.500106
6378.33  5.554909
6379.58  5.436975
6380.82  5.709518
6382.06  4.692835
6383.30  5.197577
6384.54  5.769645
6385.78  5.147578
6387.02  5.329287
6388.26  4.810767
6389.50  5.365739
6390.74  5.592031
6391.98  4.830401
6393.23  5.271624
6394.47  4.777391
6395.71  5.051639
6396.95  5.606631
6398.19  5.43456
6399.43  5.697905
6400.67  4.919988
6401.91  4.615011
6403.15  5.107464
6404.39  5.10174
6405.63  5.434833
6406.87  4.674898
6408.12  4.954331
6409.36  5.603656
6410.60  4.930924
6411.84  5.516186
6413.08  5.361447
6414.32  5.821187
6415.56  6.044128
6416.80  5.53989
6418.04  5.430459
6419.28  5.504583
6420.52  5.223648
6421.77  5.419698
6423.01  5.041582
6424.25  4.809705
6425.49  5.120737
6426.73  4.664551
6427.97  5.628657
6429.21  6.205324
6430.45  5.428868
6431.69  5.716807
6432.93  5.218482
6434.17  5.364689
6435.42  5.162174
6436.66  4.952323
6437.90  5.125914
6439.14  4.595459
6440.38  5.461695
6441.62  5.117497
6442.86  4.848775
6444.10  5.33954
6445.34  4.706993
6446.58  5.377523
6447.82  5.312756
6449.06  5.129406
6450.31  5.611093
6451.55  5.04413
6452.79  5.584994
6454.03  5.165699
6455.27  4.698845
6456.51  4.928675
6457.75  4.620615
6458.99  5.094559
6460.23  5.260317
6461.47  4.632789
6462.71  5.284182
6463.96  5.305059
6465.20  5.698576
6466.44  6.374582
6467.68  8.092591
6468.92  10.81296
6470.16  12.02256
6471.40  12.3993
6472.64  10.88957
6473.88  9.043265
6475.12  7.816003
6476.36  5.963406
6477.60  5.779184
6478.85  5.543879
6480.09  4.848135
6481.33  4.759264
6482.57  4.785941
6483.81  5.616137
6485.05  5.767045
6486.29  6.56982
6487.53  8.19383
6488.77  8.691099
6490.01  7.944182
6491.25  6.494871
6492.50  5.372777
6493.74  5.969738
6494.98  6.050382
6496.22  6.546239
6497.46  7.489243
6498.70  7.688116
6499.94  8.01819
6501.18  7.993212
6502.42  7.912136
6503.66  7.966327
6504.90  8.121951
6506.14  7.632897
6507.39  6.820182
6508.63  6.569592
6509.87  5.664171
6511.11  5.206703
6512.35  5.402693
6513.59  5.837806
6514.83  5.753891
6516.07  5.332633
6517.31  5.082566
6518.55  5.331145
6519.79  5.934418
6521.04  6.231647
6522.28  6.121927
6523.52  6.085043
6524.76  5.312019
6526.00  5.694514
6527.24  5.91398
6528.48  5.162351
6529.72  5.321972
6530.96  5.87758
6532.20  7.089128
6533.44  7.604084
6534.69  7.082426
6535.93  6.125486
6537.17  5.611777
6538.41  6.041153
6539.65  5.921019
6540.89  5.27695
6542.13  5.67735
6543.37  5.751326
6544.61  6.410766
6545.85  6.415589
6547.09  5.56825
6548.33  5.439938
6549.58  5.466845
6550.82  5.856898
6552.06  6.255348
6553.30  6.194566
6554.54  6.583231
6555.78  6.064361
6557.02  6.338184
6558.26  6.149015
6559.50  5.500078
6560.74  5.516231
6561.98  5.20035
6563.23  5.366789
6564.47  5.740121
6565.71  4.819351
6566.95  5.102988
6568.19  4.89588
6569.43  5.539494
6570.67  5.829793
6571.91  5.359105
6573.15  5.435305
6574.39  5.26382
6575.63  5.824857
6576.87  6.195421
6578.12  4.951828
6579.36  5.539469
6580.60  5.673395
6581.84  6.2954
6583.08  6.672085
6584.32  6.602463
6585.56  7.019656
6586.80  6.056601
6588.04  5.682409
6589.28  6.120146
6590.52  5.732459
6591.77  5.885916
6593.01  6.792238
6594.25  8.477432
6595.49  10.21047
6596.73  9.313583
6597.97  7.755885
6599.21  6.904007
6600.45  6.346726
6601.69  6.233685
6602.93  5.417167
6604.17  5.471378
6605.41  5.854378
6606.66  5.992409
6607.90  6.481238
6609.14  5.877183
6610.38  5.919319
6611.62  5.348254
6612.86  5.204481
6614.10  5.80728
6615.34  5.068573
6616.58  5.059555
6617.82  5.172606
6619.06  5.275863
6620.31  6.042038
6621.55  5.079218
6622.79  5.032441
6624.03  5.356135
6625.27  5.366108
6626.51  5.654984
6627.75  5.402799
6628.99  5.522094
6630.23  6.243643
6631.47  6.591509
6632.71  7.892718
6633.96  7.144434
6635.20  6.592024
6636.44  5.950278
6637.68  5.580771
6638.92  5.686348
6640.16  5.585191
6641.40  5.421693
6642.64  5.302281
6643.88  5.03421
6645.12  5.754165
6646.36  5.774879
6647.60  5.546908
6648.85  5.54408
6650.09  5.385472
6651.33  5.707992
6652.57  5.443048
6653.81  5.311457
6655.05  5.58323
6656.29  5.961209
6657.53  6.020113
6658.77  5.706098
6660.01  5.800497
6661.25  5.870634
6662.50  6.1
6663.74  7.237399
6664.98  8.099072
6666.22  10.70125
6667.46  14.14729
6668.70  16.42382
6669.94  15.49068
6671.18  11.80219
6672.42  9.208549
6673.66  6.827613
6674.90  6.233964
6676.14  6.318058
6677.39  6.564257
6678.63  6.50311
6679.87  6.717429
6681.11  6.894851
6682.35  6.901197
6683.59  6.305262
6684.83  5.963751
6686.07  5.37268
6687.31  5.358751
6688.55  5.441545
6689.79  5.483379
6691.04  5.515742
6692.28  5.02562
6693.52  5.352295
6694.76  5.699976
6696.00  5.865147
6697.24  5.838732
6698.48  5.286152
6699.72  5.271214
6700.96  5.338957
6702.20  5.652927
6703.44  5.629904
6704.68  5.380629
6705.93  5.732133
6707.17  5.297363
6708.41  5.234411
6709.65  5.675732
6710.89  5.081665
6712.13  5.013141
6713.37  5.273087
6714.61  5.399358
6715.85  5.862442
6717.09  5.744117
6718.33  5.621231
6719.58  5.913339
6720.82  5.523371
6722.06  5.959923
6723.30  6.139309
6724.54  8.017434
6725.78  11.68368
6727.02  16.4863
6728.26  20.01224
6729.50  17.76279
6730.74  13.88822
6731.98  9.634993
6733.23  6.85868
6734.47  6.753926
6735.71  5.552442
6736.95  5.706559
6738.19  5.850037
6739.43  5.244033
6740.67  6.015825
6741.91  5.55878
6743.15  5.719594
6744.39  5.668356
6745.63  5.075236
6746.87  5.580761
6748.12  5.551113
6749.36  5.708943
6750.60  6.062905
6751.84  5.144581
6753.08  5.795598
6754.32  5.513088
6755.56  5.656597
6756.80  6.271421
6758.04  5.503884
6759.28  5.872923
6760.52  5.3849
6761.77  5.460336
6763.01  5.907086
6764.25  5.396439
6765.49  6.303039
6766.73  6.029945
6767.97  6.257775
6769.21  5.992106
6770.45  5.056488
6771.69  6.04514
6772.93  5.738547
6774.17  5.697097
6775.41  6.434298
6776.66  6.579619
6777.90  8.026658
6779.14  7.492382
6780.38  6.986665
6781.62  6.678977
6782.86  5.673046
6784.10  5.847691
6785.34  5.916549
6786.58  5.36988
6787.82  5.99196
6789.06  5.412044
6790.31  5.709953
6791.55  5.578173
6792.79  5.392831
6794.03  5.558067
6795.27  4.976363
6796.51  5.722541
6797.75  6.21491
6798.99  5.752671
6800.23  6.053579
6801.47  5.316714
6802.71  5.566311
6803.95  5.957769
6805.20  5.738324
6806.44  5.66181
6807.68  5.437158
6808.92  5.615329
6810.16  6.021562
6811.40  5.885224
6812.64  6.273732
6813.88  5.681966
6815.12  5.469341
6816.36  6.380801
6817.60  5.912075
6818.85  6.102665
6820.09  5.580114
6821.33  6.14694
6822.57  6.748112
6823.81  8.338347
6825.05  12.54347
6826.29  17.09414
6827.53  21.32077
6828.77  20.02841
6830.01  15.34332
6831.25  10.44228
6832.50  7.770635
6833.74  6.636154
6834.98  6.665447
6836.22  5.946978
6837.46  6.388425
6838.70  5.664528
6839.94  6.188888
6841.18  6.84584
6842.42  6.840308
6843.66  7.680604
6844.90  8.698323
6846.14  10.24724
6847.39  12.05187
6848.63  11.84644
6849.87  10.60824
6851.11  8.486091
6852.35  7.415551
6853.59  7.028137
6854.83  6.494599
6856.07  6.336475
6857.31  6.462255
6858.55  6.648007
6859.79  7.178816
6861.04  7.526196
6862.28  7.566599
6863.52  7.039814
6864.76  7.487363
6866.00  8.608614
6867.24  9.790319
6868.48  10.45284
6869.72  10.98302
6870.96  13.50186
6872.20  16.79475
6873.44  16.31313
6874.68  13.23209
6875.93  9.862287
6877.17  8.413393
6878.41  10.75159
6879.65  17.51065
6880.89  26.42855
6882.13  35.2006
6883.37  34.51941
6884.61  25.81265
6885.85  15.88419
6887.09  11.15678
6888.33  8.31979
6889.58  6.77516
6890.82  6.583945
6892.06  6.691967
6893.30  6.81752
6894.54  5.952409
6895.78  5.677231
6897.02  5.771306
6898.26  6.230648
6899.50  6.129896
6900.74  5.733513
6901.98  5.897179
6903.22  5.731008
6904.47  5.997666
6905.71  6.397206
6906.95  6.02964
6908.19  5.95052
6909.43  6.262879
6910.67  7.274634
6911.91  8.057949
6913.15  6.964528
6914.39  6.101258
6915.63  6.063276
6916.87  6.097592
6918.12  6.304708
6919.36  5.873448
6920.60  6.010743
6921.84  6.407373
6923.08  7.437008
6924.32  9.434629
6925.56  10.34028
6926.80  9.900335
6928.04  8.346644
6929.28  7.411524
6930.52  7.39507
6931.76  6.550241
6933.01  6.290586
6934.25  6.76602
6935.49  7.248005
6936.73  7.791016
6937.97  7.19863
6939.21  6.590517
6940.45  6.039332
6941.69  5.642032
6942.93  6.163428
6944.17  5.874984
6945.41  5.477508
6946.66  5.65852
6947.90  5.994566
6949.14  6.63735
6950.38  6.136063
6951.62  5.524345
6952.86  5.670026
6954.10  5.532367
6955.34  6.456113
6956.58  6.132785
6957.82  5.637408
6959.06  5.781304
6960.31  5.691804
6961.55  6.917982
6962.79  6.443543
6964.03  5.616742
6965.27  6.007549
6966.51  5.582628
6967.75  6.308761
6968.99  6.261001
6970.23  5.962872
6971.47  6.27286
6972.71  7.08602
6973.95  9.902149
6975.20  12.35275
6976.44  13.53944
6977.68  12.95476
6978.92  10.67382
6980.16  9.008464
6981.40  8.721891
6982.64  7.779856
6983.88  7.642059
6985.12  6.495949
6986.36  6.466595
6987.60  6.687757
6988.85  6.060644
6990.09  6.462986
6991.33  6.213754
6992.57  6.497311
6993.81  6.445302
6995.05  5.78634
6996.29  5.986118
6997.53  5.684287
6998.77  6.583346
7000.01  6.591842
7001.25  5.811951
7002.49  6.112423
7003.74  5.886712
7004.98  6.040933
7006.22  6.299862
7007.46  5.812433
7008.70  5.919531
7009.94  6.060054
7011.18  6.552732
7012.42  7.077198
7013.66  6.025225
7014.90  5.793027
7016.14  6.161589
7017.39  7.138161
7018.63  8.248373
7019.87  7.706987
7021.11  7.383763
7022.35  6.600914
7023.59  6.366904
7024.83  7.187905
7026.07  6.479537
7027.31  6.168981
7028.55  5.769606
7029.79  6.310016
7031.03  6.912507
7032.28  5.872096
7033.52  6.563819
7034.76  6.743434
7036.00  7.167184
7037.24  7.750466
7038.48  6.728564
7039.72  6.283122
7040.96  6.431795
7042.20  5.897741
7043.44  6.503465
7044.68  6.997692
7045.93  7.371406
7047.17  8.198365
7048.41  7.765551
7049.65  8.391262
7050.89  7.42948
7052.13  6.571448
7053.37  6.580742
7054.61  6.561115
7055.85  7.305827
7057.09  7.153478
7058.33  6.799729
7059.58  6.683645
7060.82  6.05141
7062.06  6.748994
7063.30  6.81921
7064.54  6.02298
7065.78  6.347084
7067.02  6.109024
7068.26  6.80222
7069.50  6.794911
7070.74  6.276507
7071.98  6.849194
7073.22  6.508435
7074.47  6.89536
7075.71  6.897394
7076.95  6.454435
7078.19  6.791913
7079.43  6.587493
7080.67  7.151675
7081.91  7.195255
7083.15  6.54707
7084.39  6.879756
7085.63  6.887552
7086.87  7.221818
7088.12  7.600891
7089.36  6.701758
7090.60  6.67925
7091.84  6.43342
7093.08  6.972082
7094.32  7.441314
7095.56  6.739063
7096.80  6.598527
7098.04  6.905334
7099.28  7.132651
7100.52  7.223788
7101.76  6.881037
7103.01  6.985783
7104.25  6.850948
7105.49  7.121483
7106.73  7.565574
7107.97  7.34138
7109.21  7.604814
7110.45  7.473301
7111.69  7.876731
7112.93  9.487276
7114.17  9.535179
7115.41  12.05162
7116.66  22.49297
7117.90  42.60615
7119.14  68.19467
7120.38  76.46815
7121.62  61.59666
7122.86  37.1701
7124.10  21.61681
7125.34  16.03397
7126.58  11.63437
7127.82  9.907202
7129.06  8.953936
7130.30  8.478014
7131.55  8.366494
7132.79  7.85858
7134.03  7.508415
7135.27  7.378268
7136.51  7.831658
7137.75  8.700716
7138.99  8.082108
7140.23  7.684495
7141.47  7.387554
7142.71  6.670784
7143.95  7.44136
7145.20  7.291642
7146.44  6.969059
7147.68  7.028656
7148.92  6.990146
7150.16  7.651656
7151.40  7.891603
7152.64  7.496243
7153.88  6.95063
7155.12  7.157748
7156.36  7.766942
7157.60  7.33803
7158.85  7.416894
7160.09  7.806087
7161.33  7.934566
7162.57  8.731258
7163.81  8.574716
7165.05  7.932556
7166.29  7.396938
7167.53  7.074188
7168.77  7.538952
7170.01  8.100577
7171.25  7.378644
7172.49  7.265402
7173.74  7.56273
7174.98  7.925584
7176.22  8.188744
7177.46  7.494852
7178.70  7.130727
7179.94  7.282058
7181.18  7.607448
7182.42  7.997562
7183.66  7.483968
7184.90  7.338432
7186.14  7.325131
7187.39  7.444304
7188.63  7.729767
7189.87  7.008669
7191.11  7.373585
7192.35  7.734045
7193.59  7.79891
7194.83  8.239344
7196.07  7.336435
7197.31  7.509147
7198.55  7.671678
7199.79  7.789615
7201.03  8.536674
7202.28  8.115956
7203.52  7.835397
7204.76  7.775909
7206.00  7.670916
7207.24  8.014729
7208.48  7.949438
7209.72  7.35545
7210.96  7.604283
7212.20  7.450146
7213.44  7.985349
7214.68  7.873667
7215.93  7.300655
7217.17  7.443095
7218.41  7.510347
7219.65  8.253649
7220.89  8.05328
7222.13  7.773549
7223.37  7.461829
7224.61  7.582722
7225.85  7.986878
7227.09  7.901693
7228.33  7.801053
7229.57  7.601383
7230.82  7.799074
7232.06  7.859749
7233.30  7.833532
7234.54  7.565216
7235.78  7.706065
7237.02  7.775021
7238.26  8.267086
7239.50  8.245489
7240.74  7.741435
7241.98  7.944291
7243.22  8.779618
7244.47  9.141943
7245.71  9.631132
7246.95  8.942558
7248.19  8.503595
7249.43  8.234758
7250.67  8.759592
7251.91  8.677595
7253.15  8.748013
7254.39  8.85948
7255.63  10.03642
7256.87  13.58389
7258.12  16.23748
7259.36  15.54361
7260.60  13.662
7261.84  12.24244
7263.08  12.10861
7264.32  12.61297
7265.56  12.75235
7266.80  12.96553
7268.04  12.26962
7269.28  10.88508
7270.52  9.388796
7271.76  8.6771
7273.01  8.293605
7274.25  8.069286
7275.49  8.350256
7276.73  8.585139
7277.97  8.573565
7279.21  9.085235
7280.45  9.756959
7281.69  13.54075
7282.93  21.55117
7284.17  31.21711
7285.41  37.21904
7286.66  33.01733
7287.90  23.75963
7289.14  15.82219
7290.38  12.06297
7291.62  9.979425
7292.86  9.183512
7294.10  8.884545
7295.34  9.108213
7296.58  8.367226
7297.82  8.188355
7299.06  8.131585
7300.30  8.223059
7301.55  8.314801
7302.79  8.564314
7304.03  7.881176
7305.27  7.853106
7306.51  8.402525
7307.75  9.187328
7308.99  9.265408
7310.23  8.918049
7311.47  8.558742
7312.71  9.638746
7313.95  13.92567
7315.20  19.7909
7316.44  25.2385
7317.68  25.76312
7318.92  23.98283
7320.16  23.89558
7321.40  26.86122
7322.64  25.6363
7323.88  20.10654
7325.12  14.51214
7326.36  11.49196
7327.60  9.88604
7328.84  8.873608
7330.09  9.171545
7331.33  8.943532
7332.57  9.033677
7333.81  10.57849
7335.05  13.65749
7336.29  17.28429
7337.53  18.00756
7338.77  15.3057
7340.01  12.03773
7341.25  9.582472
7342.49  8.907739
7343.74  8.835304
7344.98  8.849656
7346.22  8.501852
7347.46  7.927106
7348.70  7.746489
7349.94  7.992397
7351.18  8.140425
7352.42  8.592966
7353.66  9.786715
7354.90  12.02336
7356.14  13.33491
7357.39  12.84949
7358.63  11.37129
7359.87  9.272917
7361.11  8.761662
7362.35  8.057502
7363.59  7.948691
7364.83  8.285617
7366.07  8.334401
7367.31  8.24346
7368.55  8.211649
7369.79  7.895723
7371.03  8.061806
7372.28  7.737223
7373.52  7.762136
7374.76  8.169487
7376.00  8.325638
7377.24  8.163208
7378.48  8.408407
7379.72  8.477962
7380.96  8.773602
7382.20  10.22094
7383.44  13.73503
7384.68  19.17246
7385.93  26.87163
7387.17  28.28665
7388.41  24.10674
7389.65  17.35142
7390.89  17.35623
7392.13  22.43603
7393.37  33.00802
7394.61  36.75609
7395.85  32.369
7397.09  22.70013
7398.33  17.35554
7399.57  17.54116
7400.82  17.8695
7402.06  16.64349
7403.30  14.07834
7404.54  11.66651
7405.78  10.74233
7407.02  9.743754
7408.26  9.159115
7409.50  9.444853
7410.74  8.655265
7411.98  8.079813
7413.22  8.147685
7414.47  8.563869
7415.71  8.606157
7416.95  8.087504
7418.19  7.738737
7419.43  8.207949
7420.67  8.944214
7421.91  9.653642
7423.15  10.36169
7424.39  11.34871
7425.63  11.23088
7426.87  10.12923
7428.11  9.15202
7429.36  8.439224
7430.60  7.887148
7431.84  8.196886
7433.08  8.173788
7434.32  8.434628
7435.56  7.857356
7436.80  7.967922
7438.04  8.461508
7439.28  8.759521
7440.52  9.703535
7441.76  10.25718
7443.01  10.30568
7444.25  9.666725
7445.49  8.928564
7446.73  8.975856
7447.97  8.79075
7449.21  9.444432
7450.45  10.56666
7451.69  11.13807
7452.93  11.01739
7454.17  9.831985
7455.41  8.97662
7456.66  8.567498
7457.90  8.400697
7459.14  8.822758
7460.38  8.505306
7461.62  8.17408
7462.86  8.093985
7464.10  8.162148
7465.34  8.669893
7466.58  8.676035
7467.82  8.496736
7469.06  9.507537
7470.30  12.25291
7471.55  17.11835
7472.79  20.48253
7474.03  20.68349
7475.27  17.43707
7476.51  14.15821
7477.75  12.00566
7478.99  9.996559
7480.23  8.723005
7481.47  8.59733
7482.71  8.525006
7483.95  8.394764
7485.20  8.43079
7486.44  8.166795
7487.68  8.256735
7488.92  8.56829
7490.16  9.540058
7491.40  11.57274
7492.64  12.38358
7493.88  11.93124
7495.12  11.06765
7496.36  9.843891
7497.60  9.759882
7498.84  9.616758
7500.09  10.55105
7501.33  11.70798
7502.57  11.34989
7503.81  11.02033
7505.05  9.176695
7506.29  8.646948
7507.53  8.455933
7508.77  8.074375
7510.01  8.616695
7511.25  8.497455
7512.49  8.370728
7513.74  8.494816
7514.98  8.533164
7516.22  9.274691
7517.46  8.707431
7518.70  8.391338
7519.94  7.813311
7521.18  7.781023
7522.42  8.145717
7523.66  8.017756
7524.90  8.432863
7526.14  8.00848
7527.38  7.476121
7528.63  8.329325
7529.87  7.898587
7531.11  7.632753
7532.35  7.874228
7533.59  7.63829
7534.83  8.263947
7536.07  8.228303
7537.31  7.739912
7538.55  7.591475
7539.79  7.73778
7541.03  8.318338
7542.28  7.998766
7543.52  7.775338
7544.76  8.100373
7546.00  7.808013
7547.24  8.397581
7548.48  8.514204
7549.72  7.828189
7550.96  8.002892
7552.20  8.149357
7553.44  8.503344
7554.68  8.750483
7555.93  8.136221
7557.17  9.202188
7558.41  11.3211
7559.65  14.25916
7560.89  15.18487
7562.13  13.20106
7563.37  10.92231
7564.61  9.580889
7565.85  9.077189
7567.09  9.474728
7568.33  8.324237
7569.57  8.264618
7570.82  8.440633
7572.06  8.993961
7573.30  9.523424
7574.54  8.537485
7575.78  9.051676
7577.02  9.014933
7578.26  9.178782
7579.50  10.90309
7580.74  12.58596
7581.98  21.78361
7583.22  38.91804
7584.47  64.94391
7585.71  72.2725
7586.95  60.06193
7588.19  37.17514
7589.43  23.80183
7590.67  16.11884
7591.91  13.46102
7593.15  11.11373
7594.39  10.7264
7595.63  10.27245
7596.87  9.548041
7598.11  9.776937
7599.36  9.496787
7600.60  9.793467
7601.84  9.984307
7603.08  9.726075
7604.32  10.27393
7605.56  9.397911
7606.80  8.784131
7608.04  9.217988
7609.28  8.981028
7610.52  11.49707
7611.76  11.06867
7613.01  8.685644
7614.25  8.704625
7615.49  9.374643
7616.73  9.523499
7617.97  9.356739
7619.21  9.493404
7620.45  8.827556
7621.69  8.305351
7622.93  9.066257
7624.17  9.192907
7625.41  8.633218
7626.65  9.072924
7627.90  9.214212
7629.14  9.778008
7630.38  10.43347
7631.62  10.34548
7632.86  11.5464
7634.10  12.50187
7635.34  14.63825
7636.58  18.72035
7637.82  26.70866
7639.06  54.47439
7640.30  122.349
7641.55  231.0921
7642.79  295.4877
7644.03  269.451
7645.27  176.5221
7646.51  103.4255
7647.75  58.2247
7648.99  35.80354
7650.23  26.01475
7651.47  20.92346
7652.71  15.30674
7653.95  13.10964
7655.19  11.91524
7656.44  10.26465
7657.68  10.30124
7658.92  10.35827
7660.16  10.2133
7661.40  11.69043
7662.64  12.72828
7663.88  15.13026
7665.12  16.25949
7666.36  15.53012
7667.60  13.84161
7668.84  11.12908
7670.09  10.38181
7671.33  9.864249
7672.57  9.119266
7673.81  9.613404
7675.05  8.950049
7676.29  8.787583
7677.53  8.731041
7678.77  8.653784
7680.01  9.627326
7681.25  9.32113
7682.49  8.905807
7683.74  8.839606
7684.98  8.18567
7686.22  8.560205
7687.46  8.766721
7688.70  8.814584
7689.94  9.048479
7691.18  8.33327
7692.42  8.85014
7693.66  9.013673
7694.90  8.845335
7696.14  8.592517
7697.38  8.073325
7698.63  8.382696
7699.87  8.509479
7701.11  8.66988
7702.35  8.332951
7703.59  8.187133
7704.83  8.433496
7706.07  8.62455
7707.31  8.499854
7708.55  8.46866
7709.79  8.035144
7711.03  8.216776
7712.28  8.848167
7713.52  8.660548
7714.76  8.370076
7716.00  8.257595
7717.24  8.33882
7718.48  8.995358
7719.72  8.630559
7720.96  8.226689
7722.20  8.13287
7723.44  7.948753
7724.68  8.556277
7725.92  8.769473
7727.17  8.228226
7728.41  8.156878
7729.65  8.634719
7730.89  8.857441
7732.13  8.860404
7733.37  8.805721
7734.61  8.630786
7735.85  8.845235
7737.09  10.0676
7738.33  11.09642
7739.57  11.59773
7740.82  11.97492
7742.06  11.19495
7743.30  10.78417
7744.54  11.04086
7745.78  9.430755
7747.02  9.009462
7748.26  8.850909
7749.50  8.604652
7750.74  9.650881
7751.98  9.29778
7753.22  8.810167
7754.46  8.852077
7755.71  8.75265
7756.95  9.947075
7758.19  9.355502
7759.43  8.796383
7760.67  9.522079
7761.91  9.454922
7763.15  10.02895
7764.39  9.80769
7765.63  9.127798
7766.87  9.39954
7768.11  9.157186
7769.36  10.00341
7770.60  9.550932
7771.84  8.547691
7773.08  9.026365
7774.32  9.004587
7775.56  10.11794
7776.80  9.941095
7778.04  9.365333
7779.28  10.18593
7780.52  10.39965
7781.76  11.88069
7783.01  13.76525
7784.25  13.69667
7785.49  13.08659
7786.73  12.12621
7787.97  11.8136
7789.21  11.29434
7790.45  10.80306
7791.69  10.41355
7792.93  9.572292
7794.17  10.64211
7795.41  11.38505
7796.65  11.49971
7797.90  12.94744
7799.14  14.16323
7800.38  18.65062
7801.62  26.13877
7802.86  30.11853
7804.10  27.65444
7805.34  20.69773
7806.58  15.59132
7807.82  13.29133
7809.06  10.93631
7810.30  10.44896
7811.55  10.02116
7812.79  10.11168
7814.03  10.24092
7815.27  9.696126
7816.51  9.962179
7817.75  9.959696
7818.99  10.52388
7820.23  10.73873
7821.47  9.887859
7822.71  10.45096
7823.95  10.14529
7825.19  10.66813
7826.44  11.02508
7827.68  10.15724
7828.92  10.05602
7830.16  10.74044
7831.40  11.00396
7832.64  11.34107
7833.88  11.06097
7835.12  10.69634
7836.36  10.85188
7837.60  11.05707
7838.84  11.16313
7840.09  10.77349
7841.33  10.90694
7842.57  10.98269
7843.81  10.70002
7845.05  10.85411
7846.29  10.45955
7847.53  10.62913
7848.77  10.3838
7850.01  10.7064
7851.25  11.26011
7852.49  10.64472
7853.73  10.59552
7854.98  10.53962
7856.22  10.65569
7857.46  10.98119
7858.70  10.72397
7859.94  11.09573
7861.18  11.289
7862.42  11.09669
7863.66  11.04066
7864.90  10.9692
7866.14  10.68791
7867.38  10.91847
7868.63  11.12342
7869.87  10.85992
7871.11  11.28303
7872.35  11.14177
7873.59  11.79289
7874.83  12.32672
7876.07  12.56894
7877.31  13.91748
7878.55  15.39164
7879.79  18.63789
7881.03  23.55641
7882.28  27.53892
7883.52  31.08684
7884.76  41.84534
7886.00  65.23296
7887.24  84.79155
7888.48  82.02151
7889.72  57.57378
7890.96  36.72541
7892.20  23.45551
7893.44  16.90739
7894.68  14.00354
7895.92  12.52697
7897.17  12.56681
7898.41  11.64894
7899.65  11.71496
7900.89  12.16063
7902.13  11.60914
7903.37  11.94868
7904.61  11.96032
7905.85  11.83367
7907.09  11.95009
7908.33  11.7771
7909.57  12.15552
7910.82  11.61206
7912.06  11.82397
7913.30  12.16323
7914.54  11.76213
7915.78  11.99512
7917.02  11.99615
7918.26  11.62614
7919.50  11.93778
7920.74  11.4753
7921.98  11.98551
7923.22  12.08484
7924.46  11.75004
7925.71  12.26819
7926.95  11.38419
7928.19  12.11231
7929.43  12.12623
7930.67  12.59115
7931.91  12.8473
7933.15  12.07804
7934.39  13.71519
7935.63  14.09551
7936.87  14.62794
7938.11  14.94919
7939.36  13.6453
7940.60  13.42388
7941.84  13.13958
7943.08  12.58141
7944.32  12.69944
7945.56  12.13773
7946.80  12.84296
7948.04  12.59078
7949.28  11.97851
7950.52  13.15294
7951.76  12.52403
7953.00  13.02693
7954.25  13.06628
7955.49  13.39293
7956.73  14.2995
7957.97  14.11453
7959.21  15.75493
7960.45  18.95435
7961.69  22.54363
7962.93  28.576
7964.17  39.17645
7965.41  68.07358
7966.65  99.3425
7967.90  108.4897
7969.14  84.34268
7970.38  53.07118
7971.62  34.36023
7972.86  23.97033
7974.10  18.11554
7975.34  15.82906
7976.58  14.5933
7977.82  13.94238
7979.06  14.02597
7980.30  13.84361
7981.55  13.97436
7982.79  13.64159
7984.03  13.23682
7985.27  13.56602
7986.51  13.42439
7987.75  13.66668
7988.99  13.20437
7990.23  13.28386
7991.47  13.49371
7992.71  13.40291
7993.95  13.96433
7995.19  13.45226
7996.44  12.91398
7997.68  14.00616
7998.92  13.99124
8000.16  14.23726
8001.40  14.3929
8002.64  14.14217
8003.88  14.36201
8005.12  14.45843
8006.36  14.6232
8007.60  14.14214
8008.84  13.55594
8010.09  14.08064
8011.33  14.26762
8012.57  14.12342
8013.81  14.10006
8015.05  13.76404
8016.29  14.25315
8017.53  14.69163
8018.77  14.63124
8020.01  14.95013
8021.25  14.75553
8022.49  14.43499
8023.73  15.06513
8024.98  16.04091
8026.22  16.53432
8027.46  18.29438
8028.70  21.25936
8029.94  22.24996
8031.18  21.44156
8032.42  18.57348
8033.66  16.39152
8034.90  15.82813
8036.14  15.99719
8037.38  16.06419
8038.63  16.26483
8039.87  16.1389
8041.11  16.33908
8042.35  16.54074
8043.59  16.96479
8044.83  16.54814
8046.07  15.75692
8047.31  16.38377
8048.55  17.5519
8049.79  18.2686
8051.03  19.40276
8052.27  20.44938
8053.52  24.23438
8054.76  32.28753
8056.00  45.98083
8057.24  54.87491
8058.48  56.29475
8059.72  56.64964
8060.96  57.04702
8062.20  51.52515
8063.44  39.51168
8064.68  29.76703
8065.92  24.02146
8067.17  21.12457
8068.41  20.13473
8069.65  19.10469
8070.89  18.02854
8072.13  18.14452
8073.37  18.852
8074.61  19.02929
8075.85  18.92204
8077.09  18.55666
8078.33  18.49243
8079.57  18.931
8080.82  19.59751
8082.06  19.58313
8083.30  19.19518
8084.54  19.91039
8085.78  20.00486
8087.02  20.88625
8088.26  21.07555
8089.50  20.62997
8090.74  21.22421
8091.98  21.35904
8093.22  21.66599
8094.46  22.11176
8095.71  21.54959
8096.95  22.4108
8098.19  23.67445
8099.43  24.93793
8100.67  26.48757
8101.91  27.00128
8103.15  26.84042
8104.39  25.92149
8105.63  25.39932
8106.87  25.77446
8108.11  25.04499
8109.36  25.56757
8110.60  25.78834
8111.84  25.89449
8113.08  26.24716
8114.32  25.78104
8115.56  26.06337
8116.80  26.12184
8118.04  27.30782
8119.28  28.22297
8120.52  27.37884
8121.76  27.53754
8123.00  27.807
8124.25  28.61219
8125.49  29.29145
8126.73  29.14503
8127.97  29.10525
8129.21  29.84278
8130.45  30.54179
8131.69  31.54929
8132.93  32.047
8134.17  31.80027
8135.41  32.582
8136.65  33.08484
8137.90  34.06118
8139.14  34.59609
8140.38  34.77068
8141.62  35.56429
8142.86  36.16398
8144.10  37.48207
8145.34  37.86423
8146.58  37.82836
8147.82  38.21627
8149.06  38.82581
8150.30  40.42499
8151.54  41.41604
8152.79  41.24242
8154.03  41.36517
8155.27  42.13596
8156.51  44.3801
8157.75  44.8969
8158.99  45.95804
8160.23  47.47128
8161.47  47.76363
8162.71  48.88137
8163.95  50.18621
8165.19  50.36752
8166.44  52.13716
8167.68  54.30329
8168.92  57.99595
8170.16  61.70241
8171.40  63.22113
8172.64  62.94785
8173.88  61.12754
8175.12  61.44674
8176.36  62.39954
8177.60  62.56623
8178.84  63.63997
8180.09  64.90872
8181.33  66.65617
8182.57  69.05663
8183.81  69.54878
8185.05  71.86699
8186.29  73.00355
8187.53  74.52779
8188.77  76.65388
8190.01  78.28645
8191.25  80.01965
8192.49  81.44949
8193.73  83.90177
8194.98  87.5171
8196.22  89.58133
8197.46  92.00838
8198.70  97.84399
8199.94  104.3677
8201.18  115.2599
8202.42  129.4971
8203.66  168.7122
8204.90  233.1081
8206.14  273.7961
8207.38  258.2009
8208.63  208.3836
8209.87  169.6009
8211.11  148.0675
8212.35  138.6544
8213.59  137.414
8214.83  138.7778
8216.07  142.8564
8217.31  154.2575
8218.55  191.0069
8219.79  246.3015
8221.03  304.9204
8222.27  394.2967
8223.52  601.3898
8224.76  1055.297
8226.00  1791.614
8227.24  2908.101
8228.48  5634.308
8229.72  12247.85
8230.96  18747.67
8232.20  18967.19
8233.44  13409.7
8234.68  7764.193
8235.92  4230.525
8237.17  2149.695
8238.41  1333.049
8239.65  906.9896
8240.89  598.0014
8242.13  390.3503
8243.37  284.0212
8244.61  226.0979
8245.85  190.7088
8247.09  173.2621
8248.33  163.8826
8249.57  157.4215
8250.81  154.7642
8252.06  152.5987
8253.30  148.1634
8254.54  145.8624
8255.78  145.1569
8257.02  143.871
8258.26  145.2332
8259.50  146.2335
8260.74  149.7119
8261.98  157.8808
8263.22  175.6514
8264.46  225.2939
8265.71  277.3887
8266.95  299.4512
8268.19  284.4739
8269.43  267.7576
8270.67  279.4999
8271.91  347.663
8273.15  542.7669
8274.39  879.0139
8275.63  1411.32
8276.87  2554.499
8278.11  5785.492
8279.35  8734.966
8280.60  9083.256
8281.84  6479.926
8283.08  3834.962
8284.32  2139.024
8285.56  1122.827
8286.80  699.444
8288.04  494.5839
8289.28  342.1744
8290.52  233.4252
8291.76  174.7398
8293.00  142.2735
8294.25  121.7432
8295.49  112.2054
8296.73  106.4202
8297.97  101.46
8299.21  98.2003
8300.45  95.89288
8301.69  94.02713
8302.93  91.14126
8304.17  87.43667
8305.41  86.11606
8306.65  85.00674
8307.90  82.93086
8309.14  81.45736
8310.38  78.7645
8311.62  76.50829
8312.86  75.47806
8314.10  74.85352
8315.34  73.40901
8316.58  71.52728
8317.82  69.86337
8319.06  68.60271
8320.30  67.70992
8321.54  67.57245
8322.79  66.11335
8324.03  64.78044
8325.27  63.31214
8326.51  61.75764
8327.75  61.38803
8328.99  60.01287
8330.23  58.74054
8331.47  58.00348
8332.71  57.22739
8333.95  57.56555
8335.19  57.48471
8336.44  58.88498
8337.68  60.58642
8338.92  65.82668
8340.16  80.08033
8341.40  101.8722
8342.64  140.6512
8343.88  238.9353
8345.12  474.4192
8346.36  632.2153
8347.60  596.6688
8348.84  407.3324
8350.08  256.5149
8351.33  159.0305
8352.57  102.3737
8353.81  79.6891
8355.05  67.11938
8356.29  57.62639
8357.53  50.03294
8358.77  46.8166
8360.01  44.68282
8361.25  41.95806
8362.49  41.19258
8363.73  40.42918
8364.98  39.83867
8366.22  39.30898
8367.46  38.44902
8368.70  38.64709
8369.94  39.14941
8371.18  39.10171
8372.42  38.66289
8373.66  37.44865
8374.90  36.86291
8376.14  36.80647
8377.38  36.21672
8378.62  36.36223
8379.87  35.66674
8381.11  35.38767
8382.35  35.26911
8383.59  34.78832
8384.83  35.28918
8386.07  34.95254
8387.31  35.07935
8388.55  34.90516
8389.79  35.0947
8391.03  35.90059
8392.27  35.25242
8393.52  35.17281
8394.76  35.27332
8396.00  36.61836
8397.24  39.22637
8398.48  41.32487
8399.72  45.27467
8400.96  53.19468
8402.20  71.02701
8403.44  109.8933
8404.68  171.3421
8405.92  306.6686
8407.17  719.0001
8408.41  1088.008
8409.65  1128.766
8410.89  784.1066
8412.13  475.6416
8413.37  276.73
8414.61  156.0982
8415.85  104.3957
8417.09  81.22343
8418.33  63.56947
8419.57  48.66827
8420.81  39.89851
8422.06  35.72164
8423.30  32.62394
8424.54  30.54265
8425.78  29.57609
8427.02  28.93303
8428.26  28.63647
8429.50  28.18434
8430.74  27.6475
8431.98  27.47568
8433.22  26.81728
8434.46  27.11443
8435.71  27.69839
8436.95  27.22698
8438.19  26.31665
8439.43  25.47652
8440.67  25.68421
8441.91  25.27703
8443.15  24.13479
8444.39  24.07409
8445.63  24.06341
8446.87  24.4357
8448.11  24.36858
8449.35  23.86318
8450.60  23.75412
8451.84  23.35549
8453.08  23.32537
8454.32  23.93079
8455.56  22.88062
8456.80  22.58615
8458.04  22.25971
8459.28  22.94229
8460.52  23.35638
8461.76  22.13712
8463.00  21.40228
8464.25  21.8314
8465.49  22.17609
8466.73  21.77058
8467.97  21.54207
8469.21  21.52962
8470.45  20.71095
8471.69  21.35973
8472.93  21.46093
8474.17  21.2375
8475.41  21.0686
8476.65  20.80749
8477.89  20.89127
8479.14  21.27632
8480.38  20.87877
8481.62  20.79241
8482.86  20.21308
8484.10  20.02343
8485.34  20.81403
8486.58  20.55219
8487.82  20.11932
8489.06  20.57715
8490.30  20.37646
8491.54  20.65142
8492.79  20.76473
8494.03  20.25634
8495.27  20.29421
8496.51  19.94776
8497.75  20.18343
8498.99  20.24125
8500.23  19.80971
8501.47  19.85876
8502.71  19.46151
8503.95  19.61707
8505.19  20.25488
8506.44  20.01959
8507.68  19.28686
8508.92  19.74474
8510.16  19.88051
8511.40  20.19448
8512.64  19.56776
8513.88  19.1829
8515.12  19.4164
8516.36  19.98275
8517.60  20.42625
8518.84  20.36486
8520.08  21.2826
8521.33  23.21174
8522.57  23.74084
8523.81  23.40718
8525.05  21.86267
8526.29  21.13021
8527.53  21.62856
8528.77  23.79858
8530.01  24.86703
8531.25  23.40076
8532.49  22.07531
8533.73  21.22931
8534.98  20.2902
8536.22  19.87676
8537.46  19.58364
8538.70  19.23618
8539.94  19.38498
8541.18  19.88102
8542.42  20.22919
8543.66  19.99846
8544.90  19.93229
8546.14  19.73135
8547.38  19.55336
8548.62  19.90053
8549.87  20.02882
8551.11  19.9277
8552.35  20.4388
8553.59  20.48215
8554.83  19.94576
8556.07  20.2571
8557.31  20.18925
8558.55  19.70241
8559.79  20.03613
8561.03  20.21091
8562.27  20.44071
8563.52  20.31389
8564.76  20.61462
8566.00  20.34785
8567.24  20.70806
8568.48  21.1573
8569.72  21.07232
8570.96  22.07561
8572.20  23.95707
8573.44  29.10164
8574.68  37.52837
8575.92  40.38749
8577.16  37.63215
8578.41  31.1962
8579.65  26.66409
8580.89  24.56629
8582.13  22.93714
8583.37  22.43691
8584.61  22.18707
8585.85  22.14272
8587.09  22.15446
8588.33  21.67692
8589.57  21.70032
8590.81  21.76985
8592.06  21.74973
8593.30  22.18958
8594.54  21.90669
8595.78  22.01556
8597.02  21.88126
8598.26  22.32978
8599.50  22.47425
8600.74  22.11894
8601.98  22.47692
8603.22  22.34687
8604.46  22.54836
8605.71  23.27642
8606.95  22.83901
8608.19  22.53765
8609.43  23.30309
8610.67  23.44683
8611.91  23.99957
8613.15  24.33237
8614.39  23.53872
8615.63  24.07529
8616.87  24.08932
8618.11  24.44291
8619.35  25.11006
8620.60  25.82423
8621.84  28.56971
8623.08  31.59064
8624.32  33.31419
8625.56  32.25988
8626.80  28.83896
8628.04  27.57955
8629.28  26.83233
8630.52  26.99987
8631.76  27.38567
8633.00  26.59351
8634.25  27.05028
8635.49  27.1637
8636.73  27.7685
8637.97  28.00076
8639.21  27.75621
8640.45  28.18576
8641.69  29.49338
8642.93  31.17626
8644.17  34.10577
8645.41  40.52894
8646.65  58.56945
8647.89  71.20575
8649.14  70.6891
8650.38  58.38659
8651.62  47.56828
8652.86  40.62068
8654.10  35.44415
8655.34  33.76453
8656.58  34.65533
8657.82  34.20417
8659.06  33.9611
8660.30  33.37664
8661.54  33.18045
8662.79  34.50317
8664.03  34.59662
8665.27  34.29566
8666.51  35.70943
8667.75  36.5411
8668.99  36.93981
8670.23  37.20123
8671.47  36.89791
8672.71  37.44685
8673.95  38.36938
8675.19  39.55144
8676.43  39.97922
8677.68  39.92022
8678.92  40.77956
8680.16  41.35404
8681.40  42.01028
8682.64  42.85202
8683.88  43.14171
8685.12  44.8971
8686.36  45.55424
8687.60  46.62814
8688.84  49.96954
8690.08  54.62895
8691.33  61.13988
8692.57  62.96376
8693.81  62.78121
8695.05  66.78128
8696.29  68.3638
8697.53  67.26176
8698.77  62.5682
8700.01  60.12491
8701.25  59.27995
8702.49  57.36251
8703.73  58.44831
8704.98  58.77455
8706.22  59.43114
8707.46  62.41285
8708.70  63.93606
8709.94  65.26064
8711.18  65.12512
8712.42  65.28552
8713.66  66.94952
8714.90  67.82095
8716.14  68.51808
8717.38  69.63033
8718.62  71.17661
8719.87  73.62326
8721.11  74.36283
8722.35  75.66386
8723.59  77.33022
8724.83  78.38937
8726.07  80.93782
8727.31  82.04951
8728.55  83.88983
8729.79  86.91888
8731.03  88.33752
8732.27  92.62726
8733.52  98.19855
8734.76  104.0026
8736.00  121.7634
8737.24  164.9077
8738.48  212.1859
8739.72  220.8089
8740.96  192.8842
8742.20  160.114
8743.44  140.4935
8744.68  128.2119
8745.92  123.2553
8747.16  122.4324
8748.41  124.2208
8749.65  125.2249
8750.89  125.7127
8752.13  128.9173
8753.37  132.9694
8754.61  137.8443
8755.85  147.0836
8757.09  158.1634
8758.33  163.3417
8759.57  161.5438
8760.81  159.0145
8762.06  160.1188
8763.30  161.0165
8764.54  163.4402
8765.78  166.6546
8767.02  170.8257
8768.26  175.6382
8769.50  179.4583
8770.74  185.2928
8771.98  189.5839
8773.22  193.6068
8774.46  199.1432
8775.70  204.3594
8776.95  208.4486
8778.19  212.0427
8779.43  216.2968
8780.67  222.784
8781.91  229.8269
8783.15  236.4293
8784.39  240.6075
8785.63  247.7348
8786.87  255.6501
8788.11  263.0635
8789.35  269.8812
8790.60  275.676
8791.84  284.2941
8793.08  293.4434
8794.32  300.1459
8795.56  310.197
8796.80  320.973
8798.04  328.641
8799.28  336.6138
8800.52  347.4187
8801.76  358.54
8803.00  369.9634
8804.25  383.9773
8805.49  421.946
8806.73  494.5604
8807.97  566.0972
8809.21  651.7063
8810.45  783.2502
8811.69  1039.129
8812.93  1557.053
8814.17  2717.612
8815.41  5080.702
8816.65  13260.99
8817.89  27059.59
8819.14  35279.85
8820.38  30879.65
8821.62  20640.05
8822.86  12677.84
8824.10  7405.008
8825.34  4313.711
8826.58  2895.995
8827.82  2102.794
8829.06  1540.018
8830.30  1129.984
8831.54  867.8813
8832.79  683.5906
8834.03  550.3951
8835.27  471.321
8836.51  428.3422
8837.75  402.0296
8838.99  386.487
8840.23  373.7768
8841.47  364.5298
8842.71  352.1964
8843.95  340.5481
8845.19  332.353
8846.43  322.5323
8847.68  313.4418
8848.92  304.5458
8850.16  298.0442
8851.40  290.7055
8852.64  283.7575
8853.88  276.6417
8855.12  272.5555
8856.36  272.3944
8857.60  270.7151
8858.84  283.9322
8860.08  338.4907
8861.33  394.0864
8862.57  405.4494
8863.81  359.7289
8865.05  308.5649
8866.29  268.1613
8867.53  242.2137
8868.77  225.5183
8870.01  214.1378
8871.25  206.5925
8872.49  200.4242
8873.73  194.5843
8874.97  189.8974
8876.22  185.2996
8877.46  181.4532
8878.70  177.87
8879.94  174.5619
8881.18  171.2958
8882.42  168.8595
8883.66  167.0297
8884.90  164.4633
8886.14  160.4833
8887.38  158.0981
8888.62  156.1819
8889.87  152.7245
8891.11  150.2065
8892.35  148.017
8893.59  146.2229
8894.83  143.5733
8896.07  142.2645
8897.31  141.7935
8898.55  140.9035
8899.79  139.6705
8901.03  137.4161
8902.27  137.9869
8903.52  139.5794
8904.76  145.1601
8906.00  164.4288
8907.24  196.1191
8908.48  212.3816
8909.72  201.3002
8910.96  178.045
8912.20  158.9887
8913.44  145.3158
8914.68  137.8533
8915.92  135.1376
8917.16  131.0989
8918.41  129.3163
8919.65  128.9303
8920.89  128.4221
8922.13  128.4674
8923.37  129.1154
8924.61  130.8051
8925.85  135.2618
8927.09  144.5021
8928.33  178.9235
8929.57  219.7956
8930.81  235.7939
8932.06  218.6385
8933.30  190.1619
8934.54  169.4715
8935.78  154.8174
8937.02  147.8354
8938.26  147.6467
8939.50  155.8591
8940.74  165.3156
8941.98  172.8747
8943.22  186.9795
8944.46  222.7521
8945.70  294.9272
8946.95  450.3287
8948.19  788.4991
8949.43  1790.117
8950.67  3522.658
8951.91  4488.249
8953.15  4113.368
8954.39  2933.47
8955.63  1939.236
8956.87  1204.921
8958.11  761.9625
8959.35  531.377
8960.60  403.239
8961.84  317.3241
8963.08  254.4538
8964.32  210.4305
8965.56  179.1337
8966.80  155.7054
8968.04  141.1957
8969.28  133.1416
8970.52  128.7751
8971.76  126.0642
8973.00  124.7777
8974.24  123.7404
8975.49  123.2844
8976.73  123.2449
8977.97  126.7661
8979.21  134.6092
8980.45  140.9204
8981.69  140.8824
8982.93  137.4426
8984.17  140.2391
8985.41  152.5838
8986.65  166.3826
8987.89  167.6574
8989.14  155.0816
8990.38  139.7594
8991.62  131.433
8992.86  130.4742
8994.10  117.5834
8995.34  116.7026
8996.58  116.0361
8997.82  116.2294
8999.06  117.4068
9000.30  117.1917
9001.54  117.5039
9002.78  117.1394
9004.03  116.572
9005.27  117.682
9006.51  118.5694
9007.75  119.7417
9008.99  120.2604
9010.23  122.5977
9011.47  124.0904
9012.71  124.2985
9013.95  124.5446
9015.19  126.2345
9016.43  127.8906
9017.68  130.2057
9018.92  130.9437
9020.16  132.2511
9021.40  135.3093
9022.64  139.0766
9023.88  146.7547
9025.12  149.9904
9026.36  151.0078
9027.60  152.4928
9028.84  157.2388
9030.08  166.3959
9031.33  180.089
9032.57  193.8147
9033.81  205.1474
9035.05  218.1424
9036.29  245.6423
9037.53  303.1343
9038.77  414.7859
9040.01  668.2535
9041.25  1173.703
9042.49  2955.702
9043.73  5924.619
9044.97  7224.484
9046.22  6281.514
9047.46  3883.206
9048.70  2281.143
9049.94  1163.428
9051.18  695.791
9052.42  410.0405
9053.66  271.6844
9054.90  215.0769
9056.14  186.8006
9057.38  167.5854
9058.62  156.8875
9059.87  152.8545
9061.11  149.039
9062.35  147.0991
9063.59  142.235
9064.83  140.8045
9066.07  138.5514
9067.31  136.7465
9068.55  133.4777
9069.79  130.3329
9071.03  129.6559
9072.27  127.2895
9073.51  125.1498
9074.76  124.2714
9076.00  123.2518
9077.24  121.8181
9078.48  119.78
9079.72  119.6855
9080.96  119.7642
9082.20  118.6042
9083.44  117.7236
9084.68  116.7358
9085.92  116.0986
9087.16  115.0901
9088.41  114.56
9089.65  114.3337
9090.89  113.9307
9092.13  115.3601
9093.37  118.0419
9094.61  123.6638
9095.85  125.0253
9097.09  121.1853
9098.33  118.2645
9099.57  115.2562
9100.81  114.2781
9102.05  113.897
9103.30  113.4131
9104.54  112.1976
9105.78  111.7063
9107.02  112.6955
9108.26  114.0925
9109.50  114.3523
9110.74  116.2182
9111.98  117.0757
9113.22  119.2389
9114.46  119.1428
9115.70  118.1942
9116.95  118.9323
9118.19  119.5585
9119.43  120.4085
9120.67  120.7654
9121.91  121.5298
9123.15  123.2902
9124.39  124.5581
9125.63  127.3672
9126.87  128.329
9128.11  129.1273
9129.35  132.0135
9130.60  134.6438
9131.84  137.6254
9133.08  138.6304
9134.32  138.7869
9135.56  140.378
9136.80  142.0284
9138.04  145.0229
9139.28  148.4115
9140.52  150.1152
9141.76  153.2945
9143.00  156.414
9144.24  160.148
9145.49  165.2417
9146.73  168.7461
9147.97  177.52
9149.21  196.0997
9150.45  219.5238
9151.69  246.5334
9152.93  276.0938
9154.17  329.6216
9155.41  431.8391
9156.65  638.543
9157.89  1084.339
9159.14  2200.256
9160.38  5162.957
9161.62  7484.07
9162.86  7622.542
9164.10  5566.498
9165.34  3544.501
9166.58  2131.466
9167.82  1363.359
9169.06  944.9077
9170.30  595.7536
9171.54  385.3982
9172.78  285.959
9174.03  232.4652
9175.27  197.1759
9176.51  179.4422
9177.75  170.1481
9178.99  161.7224
9180.23  155.0701
9181.47  150.0518
9182.71  145.3847
9183.95  142.5677
9185.19  140.1061
9186.43  136.1526
9187.68  132.1621
9188.92  129.8369
9190.16  126.5954
9191.40  122.2089
9192.64  120.7958
9193.88  117.6919
9195.12  113.9283
9196.36  113.8622
9197.60  111.7163
9198.84  113.0514
9200.08  115.8442
9201.32  122.935
9202.57  126.7277
9203.81  121.0471
9205.05  112.1493
9206.29  104.3109
9207.53  99.18249
9208.77  101.2468
9210.01  103.9172
9211.25  102.5563
9212.49  96.45805
9213.73  91.12401
9214.97  85.21548
9216.22  81.82019
9217.46  79.78201
9218.70  77.12199
9219.94  76.24473
9221.18  75.26486
9222.42  72.15939
9223.66  70.5629
9224.90  69.25066
9226.14  67.12206
9227.38  65.94746
9228.62  64.14915
9229.87  62.76151
9231.11  61.85797
9232.35  61.00156
9233.59  59.96416
9234.83  58.7148
9236.07  57.46033
9237.31  56.87292
9238.55  55.42901
9239.79  54.17385
9241.03  54.7905
9242.27  52.93529
9243.51  52.40435
9244.76  51.41515
9246.00  50.14877
9247.24  49.8739
9248.48  48.73818
9249.72  46.82899
9250.96  45.87487
9252.20  45.12442
9253.44  45.25798
9254.68  43.3299
9255.92  43.08793
9257.16  43.17614
9258.41  41.29289
9259.65  41.64756
9260.89  40.46682
9262.13  38.2519
9263.37  38.5792
9264.61  37.93398
9265.85  37.74114
9267.09  37.48869
9268.33  36.57252
9269.57  36.26725
9270.81  35.26245
9272.05  35.46732
9273.30  35.4481
9274.54  33.66972
9275.78  33.78929
9277.02  33.84135
9278.26  32.99319
9279.50  32.75217
9280.74  31.99008
9281.98  31.95033
9283.22  31.19258
9284.46  30.9106
9285.70  31.84766
9286.95  30.91844
9288.19  29.76815
9289.43  29.35139
9290.67  28.89122
9291.91  29.91491
9293.15  29.04976
9294.39  28.54971
9295.63  29.97472
9296.87  29.27038
9298.11  32.41894
9299.35  37.75718
9300.59  43.15489
9301.84  45.96916
9303.08  45.30887
9304.32  49.39239
9305.56  50.34464
9306.80  47.55795
9308.04  41.83637
9309.28  35.47401
9310.52  31.2029
9311.76  28.62176
9313.00  26.85684
9314.24  26.20848
9315.49  24.81423
9316.73  24.88071
9317.97  25.00684
9319.21  23.7895
9320.45  23.64278
9321.69  23.40942
9322.93  23.555
9324.17  23.78079
9325.41  22.91766
9326.65  22.42165
9327.89  22.83692
9329.14  22.86812
9330.38  23.16787
9331.62  22.66211
9332.86  22.44743
9334.10  22.9358
9335.34  22.62832
9336.58  22.93862
9337.82  22.43361
9339.06  20.7823
9340.30  21.37706
9341.54  21.24235
9342.78  21.66161
9344.03  21.61491
9345.27  21.17432
9346.51  20.54479
9347.75  19.80135
9348.99  20.73146
9350.23  21.18093
9351.47  20.34447
9352.71  20.27697
9353.95  20.43341
9355.19  20.79564
9356.43  20.41499
9357.68  20.25274
9358.92  20.30883
9360.16  19.8027
9361.40  20.81498
9362.64  21.24115
9363.88  21.82516
9365.12  22.46782
9366.36  22.1974
9367.60  24.69983
9368.84  28.84486
9370.08  34.79124
9371.32  58.34026
9372.57  100.2349
9373.81  135.0495
9375.05  138.539
9376.29  105.516
9377.53  73.25525
9378.77  49.77288
9380.01  38.08529
9381.25  33.84072
9382.49  29.17277
9383.73  24.71222
9384.97  22.26158
9386.22  20.25061
9387.46  20.79993
9388.70  20.34922
9389.94  18.58703
9391.18  18.68915
9392.42  18.50968
9393.66  19.2615
9394.90  19.24479
9396.14  18.96756
9397.38  18.78267
9398.62  17.71525
9399.86  18.3914
9401.11  18.90259
9402.35  18.7614
9403.59  18.71058
9404.83  18.49623
9406.07  20.39734
9407.31  22.40888
9408.55  27.47965
9409.79  37.6414
9411.03  47.1949
9412.27  48.10765
9413.51  40.45525
9414.76  30.97112
9416.00  25.00477
9417.24  22.3743
9418.48  20.77106
9419.72  20.74207
9420.96  19.48553
9422.20  18.15052
9423.44  17.93728
9424.68  17.12553
9425.92  18.54286
9427.16  18.24606
9428.41  17.96457
9429.65  17.44473
9430.89  16.82999
9432.13  17.93997
9433.37  18.13671
9434.61  17.90731
9435.85  18.22571
9437.09  18.96122
9438.33  21.83316
9439.57  24.59539
9440.81  28.77244
9442.05  39.3338
9443.30  54.73278
9444.54  66.49057
9445.78  64.67059
9447.02  51.62793
9448.26  39.23039
9449.50  29.45452
9450.74  24.9449
9451.98  22.97068
9453.22  21.28066
9454.46  20.04563
9455.70  18.38651
9456.95  18.43332
9458.19  17.98711
9459.43  17.45171
9460.67  18.14301
9461.91  17.56758
9463.15  17.35912
9464.39  17.66518
9465.63  16.88663
9466.87  16.72499
9468.11  17.28594
9469.35  17.64288
9470.59  17.86302
9471.84  17.736
9473.08  17.29996
9474.32  16.89769
9475.56  17.13782
9476.80  18.4135
9478.04  17.48211
9479.28  17.86844
9480.52  17.77516
9481.76  17.38362
9483.00  18.57295
9484.24  18.87149
9485.49  18.24483
9486.73  18.83761
9487.97  18.7914
9489.21  19.10439
9490.45  19.26163
9491.69  19.42651
9492.93  20.44728
9494.17  22.92557
9495.41  27.03568
9496.65  30.01486
9497.89  29.01882
9499.13  26.58204
9500.38  24.15371
9501.62  23.61536
9502.86  24.59868
9504.10  25.50698
9505.34  27.57118
9506.58  30.97689
9507.82  39.30297
9509.06  55.10074
9510.30  105.0247
9511.54  179.4511
9512.78  224.7815
9514.03  212.6601
9515.27  159.0414
9516.51  107.9155
9517.75  70.48148
9518.99  52.48671
9520.23  44.85442
9521.47  39.23255
9522.71  32.46271
9523.95  27.32836
9525.19  23.47908
9526.43  21.68325
9527.68  21.85152
9528.92  20.5207
9530.16  18.85505
9531.40  18.30318
9532.64  17.72036
9533.88  19.00682
9535.12  18.46512
9536.36  18.21002
9537.60  17.83912
9538.84  17.50251
9540.08  18.07567
9541.32  17.91149
9542.57  17.05156
9543.81  17.0855
9545.05  16.54374
9546.29  17.35021
9547.53  16.90672
9548.77  16.06005
9550.01  16.60416
9551.25  16.04568
9552.49  16.59221
9553.73  16.80204
9554.97  16.10117
9556.22  16.14605
9557.46  15.8574
9558.70  16.22318
9559.94  16.62584
9561.18  15.67183
9562.42  15.67828
9563.66  16.25441
9564.90  16.16356
9566.14  16.21141
9567.38  15.67878
9568.62  15.77968
9569.86  15.81495
9571.11  15.26225
9572.35  16.18797
9573.59  15.84759
9574.83  15.7036
9576.07  15.69955
9577.31  15.17756
9578.55  16.32551
9579.79  16.31816
9581.03  16.46302
9582.27  17.78863
9583.51  18.65521
9584.76  19.68089
9586.00  18.58116
9587.24  18.01356
9588.48  16.89361
9589.72  15.78828
9590.96  17.24019
9592.20  16.75051
9593.44  15.90999
9594.68  15.99464
9595.92  15.97692
9597.16  16.46285
9598.40  16.42402
9599.65  15.96156
9600.89  16.118
9602.13  15.73176
9603.37  16.4986
9604.61  16.87421
9605.85  16.55787
9607.09  17.27365
9608.33  17.7129
9609.57  17.91819
9610.81  17.50748
9612.05  16.55341
9613.30  16.91713
9614.54  16.90166
9615.78  16.5589
9617.02  17.65935
9618.26  17.81319
9619.50  17.92954
9620.74  17.61506
9621.98  17.42514
9623.22  18.7375
9624.46  18.81989
9625.70  18.39232
9626.94  18.80848
9628.19  18.38617
9629.43  19.51903
9630.67  19.37451
9631.91  19.25772
9633.15  18.83237
9634.39  19.57556
9635.63  20.21076
9636.87  20.52484
9638.11  20.12546
9639.35  20.98318
9640.59  20.21638
9641.84  20.63591
9643.08  20.93088
9644.32  20.61097
9645.56  21.19903
9646.80  21.4868
9648.04  22.23273
9649.28  23.04693
9650.52  22.58231
9651.76  22.67232
9653.00  22.768
9654.24  23.69009
9655.49  24.8966
9656.73  24.97388
9657.97  24.6657
9659.21  24.60167
9660.45  25.09148
9661.69  25.51401
9662.93  25.29041
9664.17  25.3867
9665.41  25.96068
9666.65  26.55175
9667.89  27.24901
9669.13  26.7473
9670.38  27.60337
9671.62  29.01262
9672.86  29.45222
9674.10  30.43933
9675.34  29.98429
9676.58  30.84695
9677.82  32.16825
9679.06  33.44619
9680.30  36.71223
9681.54  41.92063
9682.78  53.61282
9684.03  67.45909
9685.27  72.525
9686.51  67.28658
9687.75  57.81212
9688.99  49.27038
9690.23  44.49165
9691.47  42.87127
9692.71  42.70229
9693.95  41.48905
9695.19  40.10186
9696.43  40.08731
9697.67  40.01772
9698.92  41.70053
9700.16  43.68359
9701.40  43.5224
9702.64  44.37101
9703.88  44.34558
9705.12  44.29014
9706.36  44.64252
9707.60  44.97878
9708.84  46.51485
9710.08  47.68544
9711.32  49.19731
9712.57  50.87482
9713.81  53.67366
9715.05  62.50904
9716.29  73.6547
9717.53  80.96174
9718.77  81.86666
9720.01  75.68659
9721.25  69.65748
9722.49  64.62579
9723.73  61.9297
9724.97  62.93882
9726.21  62.71278
9727.46  62.6925
9728.70  62.65372
9729.94  62.80034
9731.18  64.15718
9732.42  64.57175
9733.66  66.09787
9734.90  67.78379
9736.14  68.23446
9737.38  70.948
9738.62  71.73235
9739.86  73.19162
9741.11  73.8631
9742.35  74.80822
9743.59  76.99255
9744.83  79.62076
9746.07  81.5804
9747.31  82.84888
9748.55  83.81753
9749.79  87.606
9751.03  89.04397
9752.27  90.87179
9753.51  92.83765
9754.76  94.17663
9756.00  98.2149
9757.24  99.40874
9758.48  100.365
9759.72  103.4771
9760.96  105.0874
9762.20  107.3886
9763.44  111.4629
9764.68  114.0061
9765.92  117.1471
9767.16  121.2909
9768.40  124.5873
9769.65  128.8914
9770.89  129.7542
9772.13  133.0332
9773.37  138.6667
9774.61  142.3257
9775.85  148.8573
9777.09  151.838
9778.33  155.1913
9779.57  162.7559
9780.81  171.048
9782.05  177.8891
9783.30  185.4632
9784.54  195.7733
9785.78  212.2977
9787.02  233.6702
9788.26  256.6031
9789.50  282.6243
9790.74  320.1188
9791.98  374.4325
9793.22  472.5034
9794.46  668.3441
9795.70  1060.531
9796.94  2244.243
9798.19  3665.419
9799.43  4418.06
9800.67  3926.966
9801.91  3013.471
9803.15  2089.791
9804.39  1382.265
9805.63  1017.681
9806.87  848.6741
9808.11  724.9939
9809.35  592.6086
9810.59  464.8824
9811.84  374.2958
9813.08  315.8154
9814.32  273.3282
9815.56  244.8784
9816.80  223.7937
9818.04  208.9052
9819.28  199.679
9820.52  192.0926
9821.76  183.6461
9823.00  177.0071
9824.24  172.2246
9825.48  166.0688
9826.73  162.4017
9827.97  159.0903
9829.21  154.3129
9830.45  150.9178
9831.69  145.9541
9832.93  142.6738
9834.17  140.0393
9835.41  136.8987
9836.65  135.1463
9837.89  132.4286
9839.13  131.3697
9840.38  129.282
9841.62  126.9461
9842.86  125.1645
9844.10  122.1601
9845.34  120.754
9846.58  120.8256
9847.82  118.197
9849.06  116.9843
9850.30  116.2182
9851.54  115.8139
9852.78  112.9522
9854.03  112.1995
9855.27  111.1582
9856.51  110.5424
9857.75  111.686
9858.99  108.8752
9860.23  106.0825
9861.47  106.4392
9862.71  106.2871
9863.95  105.2745
9865.19  104.8514
9866.43  104.6474
9867.67  103.8278
9868.92  102.8294
9870.16  102.9765
9871.40  102.8848
9872.64  102.5052
9873.88  103.3383
9875.12  102.6171
9876.36  103.1107
9877.60  105.0812
9878.84  104.0735
9880.08  103.5325
9881.32  103.3079
9882.57  105.0925
9883.81  105.1618
9885.05  105.7038
9886.29  106.7149
9887.53  107.366
9888.77  108.0225
9890.01  109.5756
9891.25  110.3008
9892.49  111.6234
9893.73  113.361
9894.97  115.0511
9896.21  118.1451
9897.46  120.3511
9898.70  121.6412
9899.94  124.6506
9901.18  126.2115
9902.42  130.1788
9903.66  134.9895
9904.90  138.9927
9906.14  142.0044
9907.38  147.1156
9908.62  155.1275
9909.86  167.0419
9911.11  178.0586
9912.35  192.1035
9913.59  209.9247
9914.83  236.6315
9916.07  278.8852
9917.31  353.4058
9918.55  490.8353
9919.79  866.8152
9921.03  1597.181
9922.27  2253.903
9923.51  2331.873
9924.75  1956.035
9926.00  1490.069
9927.24  1057.404
9928.48  739.0372
9929.72  575.6454
9930.96  484.8456
9932.20  410.4539
9933.44  340.5099
9934.68  281.1664
9935.92  236.4379
9937.16  204.6399
9938.40  179.7928
9939.65  163.6884
9940.89  153.7596
9942.13  143.6218
9943.37  135.7736
9944.61  128.9773
9945.85  122.5541
9947.09  118.9236
9948.33  114.6697
9949.57  110.7624
9950.81  106.7698
9952.05  103.9194
9953.30  101.9247
9954.54  99.49758
9955.78  95.47637
9957.02  92.67496
9958.26  89.12948
9959.50  89.11971
9960.74  85.29112
9961.98  83.39452
9963.22  81.19864
9964.46  79.74726
9965.70  78.49423
9966.94  75.853
9968.19  72.49548
9969.43  71.52472
9970.67  69.77004
9971.91  68.97203
9973.15  67.28795
9974.39  65.3035
9975.63  62.93137
9976.87  61.79649
9978.11  60.92714
9979.35  60.10078
9980.59  58.45519
9981.84  57.37446
9983.08  56.13877
9984.32  54.43889
9985.56  53.86271
9986.80  52.63909
9988.04  51.35138
9989.28  50.04348
9990.52  49.19119
9991.76  48.61035
9993.00  46.99095
9994.24  46.71349
9995.48  45.96336
9996.73  45.23704
9997.97  45.02531
9999.21  43.2347
10000.45  41.8979
10001.69  41.24754
10002.93  40.90448
10004.17  40.0149
10005.41  39.15675
10006.65  37.98846
10007.89  37.22282
10009.13  36.20354
10010.38  36.64429
10011.62  35.16018
10012.86  34.71143
10014.10  34.69945
10015.34  34.13921
10016.58  33.90373
10017.82  33.32549
10019.06  31.72997
10020.30  32.02643
10021.54  33.36376
10022.78  34.31335
10024.02  33.48177
10025.27  32.71154
10026.51  32.19833
10027.75  29.5558
10028.99  29.38272
10030.23  29.29812
10031.47  27.90677
10032.71  27.10163
10033.95  26.5788
10035.19  26.98244
10036.43  25.79415
10037.67  24.96544
10038.92  24.71032
10040.16  23.62272
10041.40  24.64437
10042.64  24.19813
10043.88  22.79019
10045.12  22.64925
10046.36  21.8784
10047.60  21.88102
10048.84  21.95801
10050.08  21.38487
10051.32  21.66136
10052.57  21.44147
10053.81  21.2799
10055.05  21.61669
10056.29  20.73348
10057.53  20.0105
10058.77  19.84615
10060.01  19.97613
10061.25  20.4813
10062.49  19.76198
10063.73  18.97825
10064.97  18.70516
10066.21  18.66352
10067.46  19.68839
10068.70  18.35648
10069.94  18.11574
10071.18  17.67125
10072.42  17.87831
10073.66  18.06313
10074.90  17.25498
10076.14  16.88785
10077.38  17.23758
10078.62  16.8082
10079.86  16.81282
10081.11  17.00212
10082.35  16.7881
10083.59  17.09217
10084.83  16.63694
10086.07  17.21394
10087.31  16.14633
10088.55  15.41446
10089.79  15.65903
10091.03  15.31048
10092.27  15.89043
10093.51  15.24848
10094.75  14.64275
10096.00  14.52837
10097.24  14.406
10098.48  15.97636
10099.72  15.25331
10100.96  14.74736
10102.20  15.48423
10103.44  16.20737
10104.68  19.76681
10105.92  23.44416
10107.16  25.20529
10108.40  24.73823
10109.65  22.43944
10110.89  20.63911
10112.13  18.73047
10113.37  16.7651
10114.61  15.46189
10115.85  14.10388
10117.09  14.85502
10118.33  15.03195
10119.57  13.36977
10120.81  13.63694
10122.05  13.19282
10123.29  13.33754
10124.54  14.51602
10125.78  13.54519
10127.02  13.07425
10128.26  12.74498
10129.50  12.37511
10130.74  12.64435
10131.98  12.12656
10133.22  11.84525
10134.46  11.85944
10135.70  11.35651
10136.94  11.8818
10138.19  11.59193
10139.43  11.06351
10140.67  11.03022
10141.91  11.77044
10143.15  12.16145
10144.39  11.16965
10145.63  11.3219
10146.87  10.9184
10148.11  10.24599
10149.35  11.30318
10150.59  11.21335
10151.84  10.33618
10153.08  10.09882
10154.32  9.953509
10155.56  11.12324
10156.80  10.8982
10158.04  10.54506
10159.28  10.75075
10160.52  10.07661
10161.76  10.58071
10163.00  10.15056
10164.24  9.970776
10165.48  9.679794
10166.73  9.072063
10167.97  10.03652
10169.21  9.947588
10170.45  9.627359
10171.69  9.667114
10172.93  9.346375
10174.17  9.613758
10175.41  9.70173
10176.65  9.509421
10177.89  9.609148
10179.13  9.003181
10180.38  9.609281
10181.62  9.764638
10182.86  9.099785
10184.10  9.074684
10185.34  8.403617
10186.58  8.735515
10187.82  9.638652
10189.06  9.316687
10190.30  8.754118
10191.54  8.76391
10192.78  9.61799
10194.02  9.578493
10195.27  8.499123
10196.51  8.304929
10197.75  8.144886
10198.99  8.019549
10200.23  8.757705
10201.47  8.868669
10202.71  8.33197
10203.95  7.756326
10205.19  8.339627
10206.43  8.598619
10207.67  8.15188
10208.92  8.392333
10210.16  7.813707
10211.40  8.058941
10212.64  8.684322
10213.88  8.123712
10215.12  7.826322
10216.36  7.636581
10217.60  7.600683
10218.84  8.263148
10220.08  7.288847
10221.32  7.275258
10222.56  7.949808
10223.81  7.758591
10225.05  7.90425
10226.29  7.768476
10227.53  7.411789
10228.77  7.695494
10230.01  7.309217
10231.25  8.129251
10232.49  7.006721
10233.73  7.331273
10234.97  7.342526
10236.21  6.907376
10237.46  7.419187
10238.70  7.137413
10239.94  6.979154
10241.18  6.575871
10242.42  7.559517
