3947.46  3.399599
3948.70  3.094916
3949.94  3.446659
3951.18  2.592627
3952.42  2.958748
3953.67  2.931517
3954.91  3.189759
3956.15  3.788763
3957.39  2.97276
3958.63  3.009119
3959.87  3.893534
3961.11  4.734963
3962.35  3.003218
3963.59  2.7793
3964.83  3.092882
3966.07  2.96273
3967.32  3.705506
3968.56  2.828111
3969.80  2.918268
3971.04  2.876208
3972.28  3.134668
3973.52  4.111532
3974.76  2.671114
3976.00  2.67669
3977.24  3.243978
3978.48  3.289665
3979.72  3.710438
3980.96  2.640544
3982.21  3.024796
3983.45  3.137172
3984.69  3.495194
3985.93  3.574616
3987.17  2.771421
3988.41  3.384227
3989.65  3.248038
3990.89  3.527478
3992.13  3.949481
3993.37  2.705857
3994.61  3.026895
3995.86  3.125397
3997.10  3.601732
3998.34  3.591068
3999.58  3.1363
4000.82  3.379516
4002.06  3.202304
4003.30  3.763177
4004.54  3.086592
4005.78  2.662273
4007.02  3.173554
4008.26  3.445619
4009.50  3.861235
4010.75  2.624512
4011.99  2.947591
4013.23  2.666479
4014.47  2.832292
4015.71  4.151384
4016.95  3.500324
4018.19  3.052045
4019.43  3.574138
4020.67  3.614593
4021.91  3.75347
4023.15  2.777861
4024.40  3.19574
4025.64  2.731004
4026.88  3.724676
4028.12  4.00882
4029.36  2.894533
4030.60  3.28109
4031.84  3.236519
4033.08  3.843248
4034.32  4.000509
4035.56  2.8464
4036.80  3.610821
4038.05  3.905874
4039.29  5.038055
4040.53  5.499494
4041.77  6.905982
4043.01  9.676394
4044.25  13.50332
4045.49  19.07658
4046.73  20.37451
4047.97  18.15861
4049.21  12.96588
4050.45  7.187362
4051.69  5.340284
4052.94  3.632468
4054.18  3.165283
4055.42  3.370367
4056.66  3.260987
4057.90  3.909903
4059.14  3.079112
4060.38  3.05247
4061.62  3.015186
4062.86  3.816
4064.10  4.633147
4065.34  3.299526
4066.59  3.732014
4067.83  3.200647
4069.07  3.054006
4070.31  3.892416
4071.55  3.317433
4072.79  3.763265
4074.03  3.386989
4075.27  3.729746
4076.51  4.337777
4077.75  4.330401
4078.99  4.367558
4080.23  3.685494
4081.48  4.222323
4082.72  3.336781
4083.96  2.559396
4085.20  3.18667
4086.44  3.431355
4087.68  4.281647
4088.92  3.58497
4090.16  3.581892
4091.40  3.673194
4092.64  3.28281
4093.88  4.089843
4095.13  3.036295
4096.37  3.125409
4097.61  3.203547
4098.85  3.902666
4100.09  4.013874
4101.33  2.738426
4102.57  3.156055
4103.81  3.039513
4105.05  3.832234
4106.29  4.841174
4107.53  3.119517
4108.77  3.262926
4110.02  3.352492
4111.26  3.759468
4112.50  3.889578
4113.74  2.984648
4114.98  3.333483
4116.22  3.204155
4117.46  3.787551
4118.70  4.226109
4119.94  3.628919
4121.18  3.814321
4122.42  3.079345
4123.67  4.09582
4124.91  4.256504
4126.15  3.292801
4127.39  3.448926
4128.63  3.124731
4129.87  4.024767
4131.11  3.60794
4132.35  3.018275
4133.59  3.464298
4134.83  3.408578
4136.07  4.211962
4137.32  3.401733
4138.56  3.215379
4139.80  3.424494
4141.04  3.272217
4142.28  4.399403
4143.52  3.388591
4144.76  3.045188
4146.00  3.808947
4147.24  3.361338
4148.48  3.77858
4149.72  3.146404
4150.96  2.704535
4152.21  3.331022
4153.45  3.874388
4154.69  5.145355
4155.93  4.822105
4157.17  5.804221
4158.41  5.937702
4159.65  6.300434
4160.89  6.115571
4162.13  4.491134
4163.37  3.877576
4164.61  3.853603
4165.86  3.9487
4167.10  3.828269
4168.34  3.041835
4169.58  3.402949
4170.82  3.385571
4172.06  3.562514
4173.30  3.924139
4174.54  3.117798
4175.78  3.795213
4177.02  3.575412
4178.26  4.179265
4179.50  3.793042
4180.75  3.875964
4181.99  4.410832
4183.23  4.115039
4184.47  4.701195
4185.71  3.69527
4186.95  3.431148
4188.19  3.705657
4189.43  4.362576
4190.67  5.46367
4191.91  4.381548
4193.15  4.112912
4194.40  4.60578
4195.64  5.167539
4196.88  6.338928
4198.12  5.885688
4199.36  6.856471
4200.60  6.892344
4201.84  6.107651
4203.08  5.756189
4204.32  3.897403
4205.56  3.973287
4206.80  3.743915
4208.04  4.021176
4209.29  4.192981
4210.53  3.043925
4211.77  3.400978
4213.01  3.282829
4214.25  3.76463
4215.49  3.825874
4216.73  2.784802
4217.97  3.714861
4219.21  3.783763
4220.45  3.829983
4221.69  3.820247
4222.94  3.170447
4224.18  3.790009
4225.42  3.167602
4226.66  3.657208
4227.90  3.562812
4229.14  3.015636
4230.38  3.19808
4231.62  3.204391
4232.86  3.838359
4234.10  3.385861
4235.34  3.023501
4236.59  3.232373
4237.83  3.392683
4239.07  4.027142
4240.31  3.869257
4241.55  3.315006
4242.79  3.433214
4244.03  3.620009
4245.27  3.971061
4246.51  3.243988
4247.75  3.587085
4248.99  3.942636
4250.23  3.991755
4251.48  4.565853
4252.72  3.127899
4253.96  3.025939
4255.20  3.642809
4256.44  4.724439
4257.68  4.894702
4258.92  3.965392
4260.16  4.446532
4261.40  4.33309
4262.64  4.287569
4263.88  4.683755
4265.13  3.565985
4266.37  4.132586
4267.61  3.723111
4268.85  4.851048
4270.09  5.450009
4271.33  3.876094
4272.57  4.385306
4273.81  4.156119
4275.05  4.214982
4276.29  4.002425
4277.53  3.302337
4278.77  3.603649
4280.02  3.697838
4281.26  4.329644
4282.50  3.7816
4283.74  3.041588
4284.98  3.52479
4286.22  3.451454
4287.46  4.642671
4288.70  3.768588
4289.94  2.846644
4291.18  3.850846
4292.42  4.028038
4293.67  4.292799
4294.91  3.514261
4296.15  3.683032
4297.39  4.109005
4298.63  3.78993
4299.87  5.030194
4301.11  4.106816
4302.35  4.071047
4303.59  3.70863
4304.83  3.082709
4306.07  3.923121
4307.31  3.086919
4308.56  3.657331
4309.80  3.570503
4311.04  2.931736
4312.28  4.024231
4313.52  2.976885
4314.76  3.4048
4316.00  3.79411
4317.24  3.002836
4318.48  4.001807
4319.72  3.481253
4320.96  3.36642
4322.21  3.279608
4323.45  3.658503
4324.69  3.993411
4325.93  2.754922
4327.17  3.698624
4328.41  4.043353
4329.65  4.029568
4330.89  4.143709
4332.13  3.782851
4333.37  4.957898
4334.61  4.981503
4335.85  4.698282
4337.10  4.876645
4338.34  3.704808
4339.58  3.682817
4340.82  3.577005
4342.06  4.119667
4343.30  4.897038
4344.54  4.231314
4345.78  4.439524
4347.02  4.629634
4348.26  5.239737
4349.50  5.878966
4350.75  5.048036
4351.99  7.904897
4353.23  16.02132
4354.47  33.5145
4355.71  58.79603
4356.95  92.76651
4358.19  119.1456
4359.43  107.6813
4360.67  69.13089
4361.91  29.19075
4363.15  12.4342
4364.40  7.984519
4365.64  4.252254
4366.88  4.023565
4368.12  3.528164
4369.36  3.580208
4370.60  3.86931
4371.84  3.494175
4373.08  4.439657
4374.32  3.741667
4375.56  3.361776
4376.80  3.685345
4378.04  3.995418
4379.29  4.02398
4380.53  3.35602
4381.77  3.595851
4383.01  3.747837
4384.25  3.538593
4385.49  4.447177
4386.73  3.526433
4387.97  3.447002
4389.21  3.844791
4390.45  3.975406
4391.69  4.11208
4392.94  3.403634
4394.18  3.592592
4395.42  3.698992
4396.66  3.626927
4397.90  4.112935
4399.14  3.241667
4400.38  3.655469
4401.62  2.900526
4402.86  3.327121
4404.10  4.531481
4405.34  2.8661
4406.58  3.351543
4407.83  3.319435
4409.07  3.617754
4410.31  3.76392
4411.55  2.943803
4412.79  3.771228
4414.03  3.261772
4415.27  3.532848
4416.51  3.818202
4417.75  2.589061
4418.99  3.218238
4420.23  3.385421
4421.48  3.808453
4422.72  3.86576
4423.96  2.94722
4425.20  3.476505
4426.44  3.29069
4427.68  4.190197
4428.92  4.490882
4430.16  2.946265
4431.40  3.463733
4432.64  3.280347
4433.88  3.808731
4435.12  3.835646
4436.37  3.371547
4437.61  3.383702
4438.85  3.122088
4440.09  4.049345
4441.33  4.150586
4442.57  3.554089
4443.81  3.463315
4445.05  3.36985
4446.29  3.967096
4447.53  3.860964
4448.77  3.149763
4450.02  3.403313
4451.26  3.516689
4452.50  4.133985
4453.74  4.042881
4454.98  3.560029
4456.22  3.604433
4457.46  3.45802
4458.70  4.340935
4459.94  3.603411
4461.18  3.241488
4462.42  4.017714
4463.67  3.934067
4464.91  4.773451
4466.15  3.661493
4467.39  3.21533
4468.63  3.870871
4469.87  3.811974
4471.11  4.040048
4472.35  3.190587
4473.59  3.470864
4474.83  3.775937
4476.07  3.698887
4477.31  4.68758
4478.56  3.381687
4479.80  3.567841
4481.04  3.7887
4482.28  3.94529
4483.52  4.517024
4484.76  3.449116
4486.00  3.219227
4487.24  3.844443
4488.48  3.723593
4489.72  4.3052
4490.96  3.136233
4492.21  3.188965
4493.45  3.447121
4494.69  3.495919
4495.93  3.913206
4497.17  2.998148
4498.41  3.238847
4499.65  3.382066
4500.89  3.072036
4502.13  3.733429
4503.37  3.7621
4504.61  4.28454
4505.85  3.914001
4507.10  4.594999
4508.34  4.334612
4509.58  3.840882
4510.82  4.150466
4512.06  3.721638
4513.30  3.734802
4514.54  4.159305
4515.78  2.973692
4517.02  3.513215
4518.26  3.286372
4519.50  3.719884
4520.75  4.58767
4521.99  3.714463
4523.23  3.607945
4524.47  3.701657
4525.71  4.424065
4526.95  4.725516
4528.19  3.394041
4529.43  3.338692
4530.67  2.775929
4531.91  3.334367
4533.15  4.246219
4534.39  3.574306
4535.64  3.460534
4536.88  3.531798
4538.12  3.970738
4539.36  4.138922
4540.60  2.860104
4541.84  4.066789
4543.08  3.510447
4544.32  4.066921
4545.56  4.101991
4546.80  2.696652
4548.04  3.578255
4549.29  3.694515
4550.53  4.064476
4551.77  4.00363
4553.01  3.348849
4554.25  3.151302
4555.49  3.412904
4556.73  4.239449
4557.97  4.190695
4559.21  3.484818
4560.45  3.435508
4561.69  3.386846
4562.94  4.298529
4564.18  4.070748
4565.42  3.282306
4566.66  3.61751
4567.90  3.731817
4569.14  4.1437
4570.38  3.498268
4571.62  3.291612
4572.86  4.199997
4574.10  3.780129
4575.34  4.133816
4576.58  3.904578
4577.83  3.466882
4579.07  3.780071
4580.31  3.247031
4581.55  3.916943
4582.79  3.67278
4584.03  3.232511
4585.27  3.73682
4586.51  3.508178
4587.75  4.112611
4588.99  3.619701
4590.23  3.574153
4591.48  3.661216
4592.72  3.202327
4593.96  4.516069
4595.20  3.756172
4596.44  3.34954
4597.68  3.194512
4598.92  3.305222
4600.16  3.793939
4601.40  3.437042
4602.64  3.49566
4603.88  3.541063
4605.12  3.108871
4606.37  3.707103
4607.61  3.379453
4608.85  3.600478
4610.09  3.854707
4611.33  4.141212
4612.57  5.053368
4613.81  2.939112
4615.05  2.607822
4616.29  3.317164
4617.53  3.332391
4618.77  4.089123
4620.02  3.327587
4621.26  3.873089
4622.50  3.797067
4623.74  3.658544
4624.98  4.354356
4626.22  3.621033
4627.46  4.095219
4628.70  3.589843
4629.94  3.842066
4631.18  4.391775
4632.42  3.418256
4633.66  3.757237
4634.91  3.405473
4636.15  3.49105
4637.39  4.679145
4638.63  2.950494
4639.87  3.284198
4641.11  3.709431
4642.35  3.598067
4643.59  4.213086
4644.83  3.418141
4646.07  3.59795
4647.31  3.187677
4648.56  3.298016
4649.80  3.79083
4651.04  2.70797
4652.28  2.503112
4653.52  3.316427
4654.76  4.152918
4656.00  3.952237
4657.24  3.084142
4658.48  3.629961
4659.72  3.278388
4660.96  3.469781
4662.21  4.54517
4663.45  3.48839
4664.69  3.654688
4665.93  3.260354
4667.17  3.66351
4668.41  4.248474
4669.65  2.939656
4670.89  3.846083
4672.13  3.545305
4673.37  3.347187
4674.61  4.124748
4675.85  3.002791
4677.10  3.676032
4678.34  4.118832
4679.58  3.895389
4680.82  4.264059
4682.06  2.986439
4683.30  3.409148
4684.54  3.387076
4685.78  3.527271
4687.02  4.018248
4688.26  3.625947
4689.50  3.538402
4690.75  3.171431
4691.99  3.858402
4693.23  4.841146
4694.47  3.015585
4695.71  3.385371
4696.95  3.673404
4698.19  3.623952
4699.43  3.415848
4700.67  3.208083
4701.91  4.388469
4703.15  3.806188
4704.39  3.746551
4705.64  4.674655
4706.88  3.456715
4708.12  4.123393
4709.36  3.167394
4710.60  4.220033
4711.84  4.274406
4713.08  3.134531
4714.32  3.269264
4715.56  3.440559
4716.80  4.263292
4718.04  4.240159
4719.29  2.914999
4720.53  3.542229
4721.77  3.671934
4723.01  3.948044
4724.25  4.403969
4725.49  2.948835
4726.73  4.415214
4727.97  4.036923
4729.21  4.032196
4730.45  4.094498
4731.69  2.726993
4732.93  3.048181
4734.18  2.93322
4735.42  3.884551
4736.66  3.878865
4737.90  2.605592
4739.14  3.452766
4740.38  3.404229
4741.62  3.875479
4742.86  4.410575
4744.10  3.399366
4745.34  3.26479
4746.58  2.591461
4747.83  3.801693
4749.07  4.874249
4750.31  3.523445
4751.55  3.957413
4752.79  3.455639
4754.03  4.188475
4755.27  4.935975
4756.51  3.355358
4757.75  3.322495
4758.99  3.619588
4760.23  4.191662
4761.48  4.356585
4762.72  2.865356
4763.96  3.679497
4765.20  2.893992
4766.44  3.65235
4767.68  3.920367
4768.92  3.576291
4770.16  3.472452
4771.40  3.324663
4772.64  4.430912
4773.88  4.034114
4775.12  3.166926
4776.37  4.073971
4777.61  3.709704
4778.85  4.000354
4780.09  3.95537
4781.33  3.244312
4782.57  3.182163
4783.81  3.044837
4785.05  3.718777
4786.29  3.71667
4787.53  2.995476
4788.77  3.81905
4790.02  3.631681
4791.26  4.126348
4792.50  3.637547
4793.74  3.045133
4794.98  3.680143
4796.22  3.190351
4797.46  4.150194
4798.70  4.15205
4799.94  3.144466
4801.18  3.695131
4802.42  3.544734
4803.66  3.631225
4804.91  3.453954
4806.15  3.023699
4807.39  3.350443
4808.63  3.226323
4809.87  4.003185
4811.11  4.000727
4812.35  2.861974
4813.59  3.930933
4814.83  3.81982
4816.07  3.708
4817.31  3.911889
4818.56  3.118692
4819.80  3.577005
4821.04  3.266846
4822.28  4.298332
4823.52  4.187888
4824.76  2.811954
4826.00  3.767615
4827.24  3.540144
4828.48  4.276478
4829.72  3.875895
4830.96  2.923692
4832.20  3.737722
4833.45  3.284619
4834.69  3.725749
4835.93  3.850996
4837.17  2.983015
4838.41  2.933636
4839.65  2.897632
4840.89  3.757424
4842.13  3.524472
4843.37  2.923713
4844.61  3.658482
4845.85  3.4604
4847.10  4.013675
4848.34  4.030511
4849.58  3.136319
4850.82  3.521395
4852.06  3.621394
4853.30  4.157194
4854.54  4.154049
4855.78  3.764669
4857.02  3.798483
4858.26  3.284039
4859.50  3.793854
4860.75  4.065211
4861.99  3.194549
4863.23  3.736464
4864.47  3.051833
4865.71  3.858222
4866.95  4.146177
4868.19  3.142004
4869.43  3.382406
4870.67  3.435212
4871.91  4.19527
4873.15  4.028635
4874.39  3.048544
4875.64  4.155483
4876.88  4.040453
4878.12  4.059618
4879.36  3.77074
4880.60  3.028571
4881.84  3.537007
4883.08  3.056504
4884.32  3.66931
4885.56  4.008496
4886.80  3.01551
4888.04  3.814739
4889.29  3.306144
4890.53  4.210158
4891.77  4.351128
4893.01  3.100191
4894.25  4.023393
4895.49  4.207473
4896.73  4.039322
4897.97  3.63423
4899.21  3.437647
4900.45  3.975693
4901.69  3.065046
4902.93  3.797134
4904.18  4.285511
4905.42  3.399364
4906.66  3.843883
4907.90  3.44386
4909.14  3.434045
4910.38  3.737006
4911.62  3.414549
4912.86  3.703906
4914.10  3.276012
4915.34  4.5865
4916.58  4.503571
4917.83  2.862924
4919.07  3.820042
4920.31  3.144277
4921.55  3.677893
4922.79  4.355603
4924.03  3.325433
4925.27  3.84649
4926.51  3.491675
4927.75  4.022055
4928.99  3.880164
4930.23  3.198999
4931.47  3.801121
4932.72  3.649384
4933.96  3.951576
4935.20  3.69998
4936.44  3.599802
4937.68  4.137705
4938.92  3.617596
4940.16  3.736526
4941.40  3.785186
4942.64  3.008929
4943.88  3.45251
4945.12  3.772803
4946.37  4.148117
4947.61  3.741462
4948.85  3.194103
4950.09  4.079198
4951.33  3.722714
4952.57  3.346736
4953.81  3.683366
4955.05  2.797855
4956.29  3.563236
4957.53  2.963826
4958.77  3.753977
4960.01  4.358339
4961.26  3.642319
4962.50  3.387626
4963.74  3.115446
4964.98  4.133221
4966.22  4.216376
4967.46  3.638827
4968.70  3.792741
4969.94  3.231386
4971.18  4.791393
4972.42  5.572341
4973.66  2.964707
4974.91  3.733295
4976.15  4.088855
4977.39  4.451437
4978.63  4.111513
4979.87  3.262136
4981.11  4.080336
4982.35  3.635873
4983.59  3.877573
4984.83  4.657771
4986.07  3.346994
4987.31  3.654773
4988.56  3.690291
4989.80  4.133083
4991.04  3.728425
4992.28  2.902336
4993.52  3.680901
4994.76  3.10405
4996.00  3.890507
4997.24  3.660616
4998.48  2.905772
4999.72  3.878696
5000.96  3.30055
5002.20  3.658143
5003.45  4.0356
5004.69  3.355549
5005.93  3.825814
5007.17  3.721751
5008.41  3.572093
5009.65  3.730969
5010.89  2.874652
5012.13  3.68427
5013.37  3.653292
5014.61  4.027592
5015.85  4.798201
5017.10  3.612358
5018.34  3.563242
5019.58  3.381844
5020.82  3.539808
5022.06  3.881439
5023.30  3.084803
5024.54  3.81679
5025.78  3.395631
5027.02  4.292818
5028.26  4.88583
5029.50  3.282877
5030.74  3.90115
5031.99  3.726125
5033.23  3.440102
5034.47  4.479258
5035.71  3.399186
5036.95  3.694736
5038.19  4.09517
5039.43  4.123056
5040.67  4.68945
5041.91  3.425596
5043.15  3.707042
5044.39  3.436369
5045.64  3.635009
5046.88  4.632569
5048.12  3.348619
5049.36  3.384103
5050.60  3.758454
5051.84  4.310719
5053.08  4.605201
5054.32  3.510329
5055.56  4.173106
5056.80  2.76768
5058.04  6.021561
5059.28  30.35454
5060.53  8.647132
5061.77  2.737753
5063.01  4.291355
5064.25  4.384432
5065.49  4.350287
5066.73  2.698282
5067.97  3.408998
5069.21  3.689865
5070.45  3.789604
5071.69  4.695922
5072.93  3.300082
5074.18  3.673946
5075.42  3.986086
5076.66  3.98295
5077.90  4.530062
5079.14  3.202192
5080.38  3.092384
5081.62  3.168768
5082.86  3.389885
5084.10  4.451912
5085.34  3.188523
5086.58  3.656431
5087.83  4.103576
5089.07  4.048388
5090.31  4.526042
5091.55  3.042177
5092.79  3.472249
5094.03  4.0202
5095.27  3.58726
5096.51  4.558858
5097.75  3.945154
5098.99  3.619135
5100.23  3.215137
5101.47  3.296939
5102.72  4.340004
5103.96  3.702417
5105.20  3.818735
5106.44  3.96107
5107.68  4.544995
5108.92  4.563381
5110.16  3.029692
5111.40  3.69333
5112.64  3.737973
5113.88  3.607541
5115.12  4.198939
5116.37  3.858374
5117.61  3.613778
5118.85  3.407124
5120.09  6.755138
5121.33  6.038747
5122.57  3.347206
5123.81  3.38242
5125.05  4.369341
5126.29  3.790814
5127.53  4.145647
5128.77  3.544985
5130.01  3.82182
5131.26  3.903297
5132.50  3.600669
5133.74  4.565388
5134.98  3.648028
5136.22  3.157594
5137.46  3.973897
5138.70  3.938414
5139.94  4.050355
5141.18  3.547282
5142.42  3.425328
5143.66  3.013138
5144.91  3.096974
5146.15  4.617007
5147.39  3.345167
5148.63  3.179878
5149.87  4.363116
5151.11  3.650527
5152.35  4.364084
5153.59  4.237571
5154.83  3.732712
5156.07  4.000225
5157.31  3.677498
5158.55  4.601936
5159.80  4.339929
5161.04  3.488283
5162.28  3.847934
5163.52  3.974561
5164.76  4.366426
5166.00  4.119334
5167.24  3.41842
5168.48  3.822412
5169.72  3.424881
5170.96  3.543342
5172.20  3.964155
5173.45  3.480692
5174.69  3.884347
5175.93  3.622631
5177.17  4.32959
5178.41  3.802227
5179.65  2.944574
5180.89  3.82245
5182.13  3.873236
5183.37  3.705562
5184.61  3.913908
5185.85  3.744339
5187.10  3.316942
5188.34  3.676548
5189.58  3.986478
5190.82  3.811645
5192.06  4.049709
5193.30  3.458187
5194.54  3.922389
5195.78  5.096434
5197.02  4.03554
5198.26  3.775699
5199.50  3.299984
5200.74  3.329267
5201.99  4.164441
5203.23  4.202804
5204.47  3.696888
5205.71  3.097565
5206.95  3.813961
5208.19  3.737752
5209.43  3.703127
5210.67  3.425844
5211.91  3.214137
5213.15  3.79263
5214.39  3.666096
5215.64  3.695217
5216.88  3.650517
5218.12  3.594937
5219.36  3.715983
5220.60  3.784127
5221.84  4.056518
5223.08  3.843626
5224.32  3.337112
5225.56  4.176502
5226.80  3.57917
5228.04  3.787237
5229.28  3.624488
5230.53  2.996746
5231.77  3.552515
5233.01  3.503586
5234.25  3.863125
5235.49  3.550335
5236.73  3.004514
5237.97  3.60496
5239.21  3.745672
5240.45  4.342818
5241.69  3.671257
5242.93  3.254581
5244.18  3.699171
5245.42  3.712059
5246.66  3.696818
5247.90  3.356127
5249.14  3.566297
5250.38  3.9898
5251.62  3.69082
5252.86  3.584077
5254.10  3.147707
5255.34  3.195746
5256.58  4.090391
5257.82  3.493437
5259.07  3.792618
5260.31  3.253745
5261.55  3.06985
5262.79  3.482935
5264.03  3.970556
5265.27  3.803613
5266.51  3.226651
5267.75  3.187358
5268.99  3.443708
5270.23  4.017165
5271.47  3.661012
5272.72  3.178062
5273.96  3.26006
5275.20  3.930328
5276.44  4.254095
5277.68  3.912997
5278.92  3.310159
5280.16  3.49351
5281.40  3.66295
5282.64  3.867692
5283.88  3.956857
5285.12  3.585997
5286.37  3.989168
5287.61  4.114473
5288.85  4.218623
5290.09  3.957351
5291.33  3.124995
5292.57  3.458625
5293.81  3.875365
5295.05  4.364838
5296.29  3.817552
5297.53  3.417711
5298.77  3.592391
5300.01  3.664289
5301.26  4.149072
5302.50  4.136007
5303.74  3.740752
5304.98  3.603969
5306.22  3.860777
5307.46  3.947747
5308.70  3.442157
5309.94  3.363003
5311.18  3.086684
5312.42  3.570632
5313.66  4.155335
5314.91  3.522021
5316.15  3.682383
5317.39  3.264279
5318.63  3.475049
5319.87  4.426198
5321.11  3.579046
5322.35  3.646282
5323.59  3.291344
5324.83  3.861049
5326.07  4.447801
5327.31  3.293349
5328.55  3.616015
5329.80  3.305577
5331.04  3.489442
5332.28  4.240246
5333.52  3.31937
5334.76  3.726047
5336.00  3.281519
5337.24  3.520495
5338.48  3.82695
5339.72  3.325207
5340.96  3.399761
5342.20  3.111339
5343.45  3.455077
5344.69  4.471829
5345.93  3.675501
5347.17  3.559763
5348.41  3.400382
5349.65  3.748656
5350.89  4.358627
5352.13  3.485179
5353.37  3.951424
5354.61  3.713033
5355.85  3.327988
5357.09  4.419247
5358.34  3.7924
5359.58  3.791213
5360.82  3.803978
5362.06  3.732814
5363.30  3.891066
5364.54  3.129663
5365.78  3.414222
5367.02  3.550792
5368.26  3.834643
5369.50  4.475167
5370.74  3.456528
5371.99  3.872931
5373.23  3.802078
5374.47  3.619842
5375.71  4.22708
5376.95  3.691006
5378.19  3.635371
5379.43  3.762315
5380.67  3.72481
5381.91  4.3355
5383.15  3.852622
5384.39  3.319946
5385.64  3.537274
5386.88  3.702853
5388.12  4.074837
5389.36  3.521105
5390.60  3.485443
5391.84  3.503196
5393.08  4.120667
5394.32  4.191097
5395.56  3.625036
5396.80  3.706831
5398.04  3.535831
5399.28  3.42595
5400.53  3.822958
5401.77  3.776859
5403.01  3.486327
5404.25  3.561047
5405.49  3.858963
5406.73  4.051471
5407.97  3.468434
5409.21  3.789658
5410.45  3.796178
5411.69  3.885681
5412.93  4.202847
5414.18  4.115034
5415.42  3.8864
5416.66  3.924334
5417.90  4.107494
5419.14  3.818778
5420.38  3.991838
5421.62  3.92749
5422.86  3.957186
5424.10  4.358552
5425.34  4.200191
5426.58  3.971929
5427.82  3.904425
5429.07  4.262945
5430.31  4.103816
5431.55  3.984159
5432.79  4.20617
5434.03  4.056016
5435.27  3.985008
5436.51  4.040298
5437.75  4.325627
5438.99  4.545082
5440.23  3.844567
5441.47  4.112231
5442.72  4.470042
5443.96  4.590872
5445.20  4.483722
5446.44  4.312743
5447.68  4.797795
5448.92  5.622211
5450.16  5.466384
5451.40  6.269923
5452.64  7.068986
5453.88  11.14437
5455.12  26.21095
5456.36  55.30489
5457.61  113.9403
5458.85  230.4549
5460.09  361.8586
5461.33  379.4185
5462.57  270.2113
5463.81  130.7707
5465.05  61.25236
5466.29  34.58126
5467.53  16.33812
5468.77  8.146139
5470.01  6.516386
5471.26  5.392327
5472.50  5.119527
5473.74  5.129901
5474.98  4.064228
5476.22  4.599678
5477.46  4.081841
5478.70  4.280495
5479.94  4.283683
5481.18  3.77962
5482.42  4.311682
5483.66  4.077404
5484.91  4.25294
5486.15  4.530268
5487.39  3.609771
5488.63  4.413931
5489.87  3.868208
5491.11  3.842261
5492.35  4.299158
5493.59  3.971142
5494.83  4.733531
5496.07  4.493492
5497.31  4.5016
5498.55  4.453754
5499.80  3.83992
5501.04  4.113591
5502.28  3.783821
5503.52  3.887651
5504.76  3.824141
5506.00  3.733879
5507.24  4.267038
5508.48  3.682319
5509.72  4.133131
5510.96  4.363781
5512.20  3.461739
5513.45  4.252016
5514.69  3.889997
5515.93  3.996323
5517.17  3.916525
5518.41  3.508966
5519.65  4.357314
5520.89  3.936752
5522.13  3.819023
5523.37  3.998276
5524.61  3.445128
5525.85  3.917216
5527.09  3.84453
5528.34  4.146321
5529.58  3.994006
5530.82  3.771944
5532.06  4.38097
5533.30  4.113647
5534.54  4.340298
5535.78  3.766104
5537.02  3.322002
5538.26  4.304368
5539.50  4.022254
5540.74  4.154269
5541.99  3.418143
5543.23  3.5185
5544.47  4.28512
5545.71  3.905229
5546.95  4.068359
5548.19  3.966308
5549.43  3.438493
5550.67  3.898016
5551.91  3.789451
5553.15  4.086409
5554.39  4.367141
5555.63  4.274381
5556.88  4.637559
5558.12  4.90561
5559.36  4.875571
5560.60  4.184558
5561.84  3.756271
5563.08  4.258378
5564.32  4.100864
5565.56  4.072131
5566.80  3.698199
5568.04  3.622503
5569.28  3.936662
5570.53  3.919247
5571.77  4.397002
5573.01  3.988084
5574.25  3.574208
5575.49  3.8252
5576.73  3.975779
5577.97  4.350809
5579.21  3.856772
5580.45  3.697348
5581.69  3.874739
5582.93  4.144952
5584.17  4.130089
5585.42  3.857495
5586.66  3.856313
5587.90  3.953209
5589.14  4.17921
5590.38  4.199021
5591.62  3.751265
5592.86  3.529994
5594.10  3.840132
5595.34  3.919861
5596.58  4.200776
5597.82  4.166329
5599.07  3.666104
5600.31  3.897874
5601.55  4.510411
5602.79  4.351054
5604.03  4.031625
5605.27  4.214939
5606.51  4.459632
5607.75  4.742382
5608.99  4.49455
5610.23  3.640094
5611.47  3.801458
5612.72  3.795602
5613.96  4.100855
5615.20  4.283483
5616.44  3.253103
5617.68  3.337757
5618.92  3.831793
5620.16  4.548243
5621.40  4.390669
5622.64  3.598537
5623.88  4.112793
5625.12  3.907079
5626.36  3.893886
5627.61  4.439142
5628.85  3.553437
5630.09  3.418071
5631.33  3.39063
5632.57  4.321006
5633.81  4.139283
5635.05  3.546571
5636.29  3.604339
5637.53  3.296345
5638.77  4.106858
5640.01  4.267032
5641.26  3.655898
5642.50  3.944656
5643.74  3.460345
5644.98  3.836237
5646.22  3.943079
5647.46  3.594101
5648.70  4.227434
5649.94  4.321342
5651.18  4.566504
5652.42  4.605953
5653.66  4.101993
5654.90  4.070465
5656.15  3.991556
5657.39  4.180779
5658.63  4.206285
5659.87  3.352835
5661.11  3.953913
5662.35  3.821388
5663.59  4.321518
5664.83  4.491595
5666.07  3.219866
5667.31  3.730058
5668.55  3.514564
5669.80  3.858339
5671.04  4.41291
5672.28  3.539749
5673.52  3.752604
5674.76  3.50322
5676.00  3.786261
5677.24  4.515275
5678.48  3.776536
5679.72  3.745749
5680.96  4.068276
5682.20  3.97015
5683.44  4.453526
5684.69  3.569304
5685.93  3.650707
5687.17  3.626629
5688.41  4.066742
5689.65  4.546851
5690.89  3.761703
5692.13  4.249316
5693.37  3.735502
5694.61  3.654043
5695.85  4.356578
5697.09  3.596478
5698.34  3.7541
5699.58  3.677426
5700.82  3.653222
5702.06  4.170648
5703.30  3.911893
5704.54  3.734625
5705.78  3.870789
5707.02  3.692904
5708.26  4.411907
5709.50  3.487116
5710.74  3.733978
5711.99  3.843633
5713.23  3.55959
5714.47  4.455447
5715.71  3.892807
5716.95  3.908322
5718.19  3.699297
5719.43  4.066286
5720.67  5.074972
5721.91  4.237886
5723.15  3.90548
5724.39  3.888642
5725.63  3.696093
5726.88  4.482177
5728.12  3.668414
5729.36  3.697909
5730.60  3.868848
5731.84  3.837634
5733.08  4.405204
5734.32  3.88312
5735.56  3.628216
5736.80  3.779112
5738.04  3.664534
5739.28  4.417733
5740.53  4.380309
5741.77  4.063238
5743.01  3.99128
5744.25  3.739344
5745.49  4.352542
5746.73  3.642236
5747.97  3.693912
5749.21  4.004822
5750.45  4.01809
5751.69  4.466266
5752.93  3.968293
5754.17  3.790753
5755.42  3.480536
5756.66  3.950564
5757.90  4.506686
5759.14  4.235009
5760.38  3.981048
5761.62  3.971118
5762.86  4.01515
5764.10  5.632699
5765.34  8.721575
5766.58  17.85683
5767.82  37.77382
5769.07  55.8449
5770.31  55.17918
5771.55  37.55922
5772.79  18.97852
5774.03  11.49624
5775.27  7.936218
5776.51  6.75601
5777.75  5.640319
5778.99  4.909941
5780.23  4.130177
5781.47  4.510038
5782.71  5.439637
5783.96  4.558384
5785.20  5.223492
5786.44  8.794926
5787.68  20.72006
5788.92  41.86688
5790.16  61.0285
5791.40  58.31258
5792.64  38.01179
5793.88  19.35129
5795.12  12.4239
5796.36  8.315338
5797.61  6.32615
5798.85  5.728103
5800.09  4.841236
5801.33  4.705161
5802.57  4.949881
5803.81  4.18842
5805.05  3.935934
5806.29  4.120618
5807.53  4.48056
5808.77  3.997818
5810.01  3.690281
5811.26  3.931152
5812.50  3.913685
5813.74  4.151776
5814.98  4.108099
5816.22  3.618731
5817.46  3.885542
5818.70  3.893871
5819.94  4.13544
5821.18  3.936169
5822.42  3.834029
5823.66  3.762106
5824.90  3.999457
5826.15  4.093477
5827.39  3.932253
5828.63  3.796683
5829.87  3.91816
5831.11  3.861546
5832.35  4.15766
5833.59  4.390723
5834.83  3.815899
5836.07  3.989379
5837.31  4.075899
5838.55  4.217822
5839.80  4.467746
5841.04  3.846738
5842.28  3.844858
5843.52  4.110612
5844.76  4.002717
5846.00  3.928772
5847.24  3.946626
5848.48  3.808603
5849.72  4.009755
5850.96  4.406778
5852.20  4.455586
5853.44  4.242642
5854.69  3.919072
5855.93  3.754327
5857.17  3.900827
5858.41  4.457487
5859.65  4.299507
5860.89  4.11831
5862.13  4.048681
5863.37  4.228819
5864.61  3.779046
5865.85  4.059603
5867.09  4.053746
5868.34  4.119695
5869.58  4.35441
5870.82  4.104853
5872.06  4.033666
5873.30  3.512753
5874.54  3.806595
5875.78  3.845414
5877.02  3.517767
5878.26  4.007736
5879.50  3.794249
5880.74  3.816034
5881.98  4.441032
5883.23  4.408191
5884.47  4.487616
5885.71  4.238307
5886.95  4.620872
5888.19  5.001446
5889.43  4.7444
5890.67  4.740471
5891.91  4.115432
5893.15  3.768529
5894.39  4.307641
5895.63  4.26541
5896.88  4.036468
5898.12  3.668562
5899.36  3.713424
5900.60  4.223586
5901.84  4.064706
5903.08  4.408492
5904.32  4.060006
5905.56  3.672876
5906.80  4.289722
5908.04  4.097426
5909.28  4.161916
5910.53  4.447984
5911.77  5.032044
5913.01  5.49947
5914.25  4.511759
5915.49  3.979356
5916.73  4.417709
5917.97  4.253673
5919.21  4.579646
5920.45  4.311521
5921.69  4.137004
5922.93  3.843559
5924.17  3.850464
5925.42  4.528164
5926.66  4.267029
5927.90  4.256608
5929.14  4.551906
5930.38  4.015226
5931.62  4.316496
5932.86  4.11376
5934.10  4.382372
5935.34  4.259776
5936.58  3.966577
5937.82  4.251647
5939.07  3.655293
5940.31  3.898414
5941.55  4.034835
5942.79  4.198614
5944.03  4.650738
5945.27  4.212103
5946.51  3.967448
5947.75  3.770333
5948.99  3.771725
5950.23  4.347631
5951.47  3.992375
5952.71  4.035604
5953.96  4.200958
5955.20  3.87943
5956.44  4.051177
5957.68  3.827992
5958.92  4.089126
5960.16  4.184936
5961.40  4.119437
5962.64  4.089238
5963.88  4.058398
5965.12  4.588525
5966.36  4.147134
5967.61  4.028275
5968.85  3.886465
5970.09  4.080262
5971.33  4.309467
5972.57  4.376549
5973.81  4.258446
5975.05  4.188528
5976.29  3.89709
5977.53  3.887831
5978.77  4.2765
5980.01  3.639989
5981.25  4.473709
5982.50  4.631336
5983.74  3.802206
5984.98  4.150914
5986.22  3.782537
5987.46  4.192821
5988.70  4.106934
5989.94  4.07385
5991.18  4.505179
5992.42  3.766861
5993.66  4.115763
5994.90  4.110612
5996.15  3.93116
5997.39  4.303331
5998.63  4.073087
5999.87  4.191894
6001.11  3.839104
6002.35  3.6474
6003.59  4.550585
6004.83  3.839451
6006.07  4.132491
6007.31  4.438192
6008.55  3.83629
6009.80  4.330804
6011.04  3.817631
6012.28  4.150598
6013.52  4.283322
6014.76  3.997952
6016.00  4.547732
6017.24  4.054198
6018.48  4.023654
6019.72  4.58197
6020.96  3.753965
6022.20  4.269646
6023.44  4.083206
6024.69  4.091711
6025.93  4.4329
6027.17  4.17274
6028.41  4.547505
6029.65  5.054707
6030.89  6.987597
6032.13  7.854182
6033.37  6.45317
6034.61  5.685002
6035.85  4.872655
6037.09  4.723279
6038.34  4.723569
6039.58  3.748662
6040.82  4.635718
6042.06  5.378963
6043.30  5.485494
6044.54  5.380975
6045.78  4.494943
6047.02  4.971409
6048.26  4.226494
6049.50  3.871444
6050.74  4.326368
6051.98  3.639715
6053.23  4.625747
6054.47  4.216337
6055.71  3.917958
6056.95  4.609647
6058.19  4.699985
6059.43  5.096286
6060.67  4.715884
6061.91  4.613769
6063.15  4.973603
6064.39  3.993816
6065.63  3.995751
6066.88  4.11447
6068.12  3.8437
6069.36  3.903555
6070.60  3.434707
6071.84  4.155329
6073.08  4.051034
6074.32  3.869964
6075.56  4.624694
6076.80  3.708493
6078.04  3.788281
6079.28  4.168959
6080.52  3.972518
6081.77  4.076246
6083.01  4.057317
6084.25  4.339071
6085.49  4.089043
6086.73  3.932996
6087.97  4.124505
6089.21  3.553959
6090.45  3.996646
6091.69  4.373886
6092.93  3.847398
6094.17  4.267554
6095.42  3.925342
6096.66  3.956536
6097.90  4.353942
6099.14  4.176941
6100.38  4.486032
6101.62  4.359064
6102.86  4.358083
6104.10  4.543363
6105.34  4.360166
6106.58  4.95464
6107.82  4.493938
6109.07  3.941621
6110.31  4.15289
6111.55  3.85318
6112.79  4.190346
6114.03  4.030572
6115.27  3.90565
6116.51  4.390583
6117.75  3.916454
6118.99  4.514909
6120.23  4.488347
6121.47  4.063609
6122.71  4.510468
6123.96  3.760271
6125.20  4.328988
6126.44  4.581459
6127.68  3.859428
6128.92  4.695741
6130.16  4.299285
6131.40  4.547033
6132.64  4.194894
6133.88  3.781301
6135.12  4.564019
6136.36  3.935172
6137.61  3.852762
6138.85  4.222562
6140.09  3.981
6141.33  4.419119
6142.57  4.016661
6143.81  4.35772
6145.05  4.534686
6146.29  3.957676
6147.53  4.67117
6148.77  4.312959
6150.01  4.278818
6151.25  4.18053
6152.50  3.531541
6153.74  4.990573
6154.98  4.454328
6156.22  4.12661
6157.46  4.612309
6158.70  4.069449
6159.94  4.461364
6161.18  4.001703
6162.42  4.394192
6163.66  4.587815
6164.90  3.688137
6166.15  4.393473
6167.39  4.253024
6168.63  4.135393
6169.87  4.626748
6171.11  4.348694
6172.35  5.039566
6173.59  4.959518
6174.83  4.650236
6176.07  4.508901
6177.31  3.608448
6178.55  4.463091
6179.79  3.980321
6181.04  4.186826
6182.28  4.238248
6183.52  3.815485
6184.76  4.419103
6186.00  3.937366
6187.24  3.80899
6188.48  4.776434
6189.72  3.705895
6190.96  3.657938
6192.20  3.537554
6193.44  3.948139
6194.69  4.384624
6195.93  3.781101
6197.17  4.512087
6198.41  4.558195
6199.65  4.036633
6200.89  4.435513
6202.13  3.914732
6203.37  4.323532
6204.61  4.05964
6205.85  3.890629
6207.09  4.552859
6208.34  3.871402
6209.58  4.224964
6210.82  4.654822
6212.06  4.615916
6213.30  5.256337
6214.54  4.258832
6215.78  4.336714
6217.02  4.712601
6218.26  4.39269
6219.50  4.734031
6220.74  3.9684
6221.98  3.943627
6223.23  4.356113
6224.47  3.868883
6225.71  4.245385
6226.95  3.706967
6228.19  3.702594
6229.43  4.45487
6230.67  3.707718
6231.91  3.881256
6233.15  4.201472
6234.39  4.23547
6235.63  4.621895
6236.88  4.376971
6238.12  4.512172
6239.36  4.29679
6240.60  4.179496
6241.84  4.250475
6243.08  4.021916
6244.32  4.457209
6245.56  4.356635
6246.80  4.118628
6248.04  4.441871
6249.28  3.924132
6250.52  4.28132
6251.77  4.463994
6253.01  3.848321
6254.25  4.307059
6255.49  3.903821
6256.73  4.092152
6257.97  4.062943
6259.21  3.891722
6260.45  4.501801
6261.69  4.325478
6262.93  4.285097
6264.17  4.434696
6265.42  4.135612
6266.66  4.563426
6267.90  3.74548
6269.14  4.075192
6270.38  4.333111
6271.62  4.099328
6272.86  4.713552
6274.10  4.092035
6275.34  4.151499
6276.58  4.253808
6277.82  3.667779
6279.06  4.025755
6280.31  4.182363
6281.55  4.028875
6282.79  4.237302
6284.03  3.942656
6285.27  4.200442
6286.51  3.960839
6287.75  3.884902
6288.99  4.549877
6290.23  4.029779
6291.47  4.210956
6292.71  3.990128
6293.96  4.154151
6295.20  4.713843
6296.44  3.831465
6297.68  4.502148
6298.92  4.585145
6300.16  4.099141
6301.40  4.367197
6302.64  3.727821
6303.88  4.401519
6305.12  4.359208
6306.36  4.249962
6307.60  4.718578
6308.85  4.451379
6310.09  4.710091
6311.33  4.244894
6312.57  4.015683
6313.81  4.327014
6315.05  3.737914
6316.29  4.327418
6317.53  4.332389
6318.77  4.214694
6320.01  4.201746
6321.25  3.983625
6322.50  4.23907
6323.74  4.19454
6324.98  4.35955
6326.22  4.275643
6327.46  3.47039
6328.70  3.780036
6329.94  4.46887
6331.18  3.970596
6332.42  4.2371
6333.66  4.036587
6334.90  4.193903
6336.15  4.527849
6337.39  4.06124
6338.63  4.407263
6339.87  4.193793
6341.11  4.265246
6342.35  4.222167
6343.59  4.041049
6344.83  4.461514
6346.07  4.389577
6347.31  3.978349
6348.55  4.088618
6349.79  3.896879
6351.04  4.508586
6352.28  4.360379
6353.52  3.891026
6354.76  4.197323
6356.00  4.099897
6357.24  4.342554
6358.48  4.477665
6359.72  3.995969
6360.96  3.992268
6362.20  3.885478
6363.44  4.255657
6364.69  4.429587
6365.93  4.297898
6367.17  4.762519
6368.41  6.211583
6369.65  4.459579
6370.89  4.335689
6372.13  4.12373
6373.37  4.730811
6374.61  4.055789
6375.85  3.948287
6377.09  3.999641
6378.33  3.710952
6379.58  4.015498
6380.82  3.835963
6382.06  4.414689
6383.30  4.572419
6384.54  4.649598
6385.78  5.170424
6387.02  4.530607
6388.26  4.133847
6389.50  4.314391
6390.74  4.040567
6391.98  3.896419
6393.23  4.052354
6394.47  4.026301
6395.71  4.218897
6396.95  3.969933
6398.19  4.148974
6399.43  3.887516
6400.67  3.692327
6401.91  4.134689
6403.15  3.990174
6404.39  4.086319
6405.63  4.078417
6406.87  4.004571
6408.12  4.075177
6409.36  3.887092
6410.60  4.106209
6411.84  3.905919
6413.08  4.263702
6414.32  6.716226
6415.56  7.51895
6416.80  7.204837
6418.04  6.285903
6419.28  5.028826
6420.52  4.284251
6421.77  4.190683
6423.01  4.025766
6424.25  3.906827
6425.49  3.829343
6426.73  3.531066
6427.97  4.096135
6429.21  4.641928
6430.45  4.169719
6431.69  4.099652
6432.93  3.933142
6434.17  3.95683
6435.42  3.63538
6436.66  3.861578
6437.90  3.992255
6439.14  3.791811
6440.38  4.022728
6441.62  4.071387
6442.86  3.912636
6444.10  3.751859
6445.34  3.636795
6446.58  4.094852
6447.82  3.784131
6449.06  3.873385
6450.31  3.881661
6451.55  3.563478
6452.79  3.902945
6454.03  3.914361
6455.27  3.682973
6456.51  3.712893
6457.75  3.588197
6458.99  3.505285
6460.23  3.993129
6461.47  3.908875
6462.71  3.612348
6463.96  3.475889
6465.20  3.294461
6466.44  3.908371
6467.68  3.850223
6468.92  3.652945
6470.16  3.428796
6471.40  3.161083
6472.64  3.928789
6473.88  3.848862
6475.12  3.643302
6476.36  3.711171
6477.60  3.502886
6478.85  4.119117
6480.09  3.877952
6481.33  3.468164
6482.57  3.441214
6483.81  3.28145
6485.05  3.653924
6486.29  3.953486
6487.53  3.51694
6488.77  3.655128
6490.01  3.677669
6491.25  3.881678
6492.50  4.079341
6493.74  3.484201
6494.98  3.669987
6496.22  3.490399
6497.46  3.719975
6498.70  4.407527
6499.94  3.441718
6501.18  3.657734
6502.42  3.694757
6503.66  3.66452
6504.90  4.320965
6506.14  3.376495
6507.39  3.445805
6508.63  3.53901
6509.87  3.688887
6511.11  4.464782
6512.35  3.592691
6513.59  3.592304
6514.83  3.24253
6516.07  3.413258
6517.31  4.342154
6518.55  3.231735
6519.79  3.490022
6521.04  3.918421
6522.28  3.632945
6523.52  4.23597
6524.76  3.813066
6526.00  3.547387
6527.24  3.344546
6528.48  3.394352
6529.72  4.321325
6530.96  3.693735
6532.20  3.672805
6533.44  3.389492
6534.69  3.777745
6535.93  4.724996
6537.17  4.173162
6538.41  3.734769
6539.65  3.925022
6540.89  4.069253
6542.13  4.519893
6543.37  3.545508
6544.61  3.539591
6545.85  3.784039
6547.09  3.622778
6548.33  4.17916
6549.58  3.469713
6550.82  3.948129
6552.06  3.940925
6553.30  3.581342
6554.54  4.365134
6555.78  3.646408
6557.02  3.563027
6558.26  3.872983
6559.50  3.596199
6560.74  3.935878
6561.98  3.816294
6563.23  3.895249
6564.47  3.827137
6565.71  3.773354
6566.95  4.465724
6568.19  3.947964
6569.43  3.837995
6570.67  3.961547
6571.91  4.102173
6573.15  4.348263
6574.39  3.857445
6575.63  3.904756
6576.87  3.929628
6578.12  3.502767
6579.36  4.076605
6580.60  3.957993
6581.84  3.959013
6583.08  3.665737
6584.32  3.73372
6585.56  4.292855
6586.80  3.822564
6588.04  3.51977
6589.28  3.47795
6590.52  3.623508
6591.77  3.873414
6593.01  4.100805
6594.25  3.753193
6595.49  3.50047
6596.73  4.278227
6597.97  4.358136
6599.21  3.79883
6600.45  3.884028
6601.69  3.830828
6602.93  4.293681
6604.17  4.802046
6605.41  4.437901
6606.66  4.544465
6607.90  4.059257
6609.14  3.90028
6610.38  4.181107
6611.62  4.065699
6612.86  3.940387
6614.10  3.944182
6615.34  4.091118
6616.58  4.167064
6617.82  4.270001
6619.06  3.774857
6620.31  3.503662
6621.55  3.957093
6622.79  3.917113
6624.03  3.861581
6625.27  4.03458
6626.51  3.774783
6627.75  3.858367
6628.99  4.186515
6630.23  4.360969
6631.47  4.395722
6632.71  3.611682
6633.96  3.911265
6635.20  3.923593
6636.44  3.725332
6637.68  4.196074
6638.92  3.956348
6640.16  4.119184
6641.40  4.057506
6642.64  3.925403
6643.88  4.525854
6645.12  3.970566
6646.36  4.013027
6647.60  3.923567
6648.85  4.119816
6650.09  4.555182
6651.33  3.943977
6652.57  4.163154
6653.81  3.844291
6655.05  3.809357
6656.29  4.326338
6657.53  3.756103
6658.77  4.342333
6660.01  4.337664
6661.25  4.048196
6662.50  4.656829
6663.74  4.273544
6664.98  4.036968
6666.22  3.910982
6667.46  3.862568
6668.70  4.56323
6669.94  4.366929
6671.18  4.79885
6672.42  5.672803
6673.66  6.299777
6674.90  9.745832
6676.14  13.28507
6677.39  13.90143
6678.63  11.32437
6679.87  6.577605
6681.11  5.89254
6682.35  4.698544
6683.59  4.558755
6684.83  4.32808
6686.07  3.646518
6687.31  4.199112
6688.55  4.246564
6689.79  4.272998
6691.04  4.212295
6692.28  3.439252
6693.52  4.383904
6694.76  4.380352
6696.00  4.231299
6697.24  4.199119
6698.48  3.836099
6699.72  4.663911
6700.96  4.181293
6702.20  4.148685
6703.44  4.657786
6704.68  3.494649
6705.93  4.273603
6707.17  3.86022
6708.41  4.176472
6709.65  4.611836
6710.89  3.643383
6712.13  4.204169
6713.37  4.37068
6714.61  4.255921
6715.85  4.138302
6717.09  3.511331
6718.33  4.49585
6719.58  4.452403
6720.82  4.21748
6722.06  4.454792
6723.30  3.836375
6724.54  4.398642
6725.78  4.57186
6727.02  4.280426
6728.26  4.094201
6729.50  3.686495
6730.74  4.032561
6731.98  4.402274
6733.23  4.2258
6734.47  4.449708
6735.71  4.103151
6736.95  4.292045
6738.19  4.481326
6739.43  4.209017
6740.67  4.417397
6741.91  3.991283
6743.15  4.170134
6744.39  4.774448
6745.63  4.71924
6746.87  4.700603
6748.12  4.685339
6749.36  6.012608
6750.60  8.945191
6751.84  11.90422
6753.08  12.41713
6754.32  9.67378
6755.56  6.491734
6756.80  5.526648
6758.04  4.997407
6759.28  4.888007
6760.52  4.671942
6761.77  4.158267
6763.01  4.733444
6764.25  4.788313
6765.49  4.799019
6766.73  4.175814
6767.97  4.091379
6769.21  4.309129
6770.45  4.35904
6771.69  4.662834
6772.93  4.023907
6774.17  3.907614
6775.41  4.525869
6776.66  4.746826
6777.90  4.619867
6779.14  4.277452
6780.38  4.252404
6781.62  4.299203
6782.86  4.758317
6784.10  4.635712
6785.34  3.805037
6786.58  4.044908
6787.82  4.662881
6789.06  4.766142
6790.31  4.449026
6791.55  4.027327
6792.79  4.287128
6794.03  4.314977
6795.27  4.562751
6796.51  4.572902
6797.75  4.115415
6798.99  4.418198
6800.23  4.255084
6801.47  4.812103
6802.71  4.82789
6803.95  4.246282
6805.20  4.261217
6806.44  4.244976
6807.68  4.556421
6808.92  4.633695
6810.16  3.925261
6811.40  4.220206
6812.64  4.472762
6813.88  5.073953
6815.12  4.766469
6816.36  3.948392
6817.60  4.325529
6818.85  4.010809
6820.09  4.91058
6821.33  5.075458
6822.57  4.540757
6823.81  4.530626
6825.05  4.252676
6826.29  5.109442
6827.53  4.90153
6828.77  4.669462
6830.01  4.620132
6831.25  4.318642
6832.50  5.453427
6833.74  5.468843
6834.98  4.179167
6836.22  4.46775
6837.46  4.35796
6838.70  4.883967
6839.94  4.901045
6841.18  4.38095
6842.42  4.577088
6843.66  4.069485
6844.90  5.082797
6846.14  5.46272
6847.39  4.611535
6848.63  4.621676
6849.87  4.498718
6851.11  4.626737
6852.35  4.949888
6853.59  5.000487
6854.83  4.91322
6856.07  4.842734
6857.31  5.100038
6858.55  5.395719
6859.79  4.487569
6861.04  4.870341
6862.28  5.089713
6863.52  5.246222
6864.76  5.639662
6866.00  5.4999
6867.24  6.321126
6868.48  7.481812
6869.72  11.18638
6870.96  13.44357
6872.20  11.17299
6873.44  8.090805
6874.68  6.351465
6875.93  5.953292
6877.17  6.696907
6878.41  5.591844
6879.65  5.667717
6880.89  5.560827
6882.13  5.640502
6883.37  5.977258
6884.61  5.489758
6885.85  5.652954
6887.09  5.792214
6888.33  5.689754
6889.58  6.281879
6890.82  5.140797
6892.06  5.241648
6893.30  5.771
6894.54  5.797135
6895.78  6.068974
6897.02  5.553767
6898.26  5.268703
6899.50  5.776073
6900.74  5.445266
6901.98  6.214792
6903.22  5.776925
6904.47  5.901575
6905.71  6.511455
6906.95  6.649658
6908.19  7.42414
6909.43  6.546061
6910.67  6.0982
6911.91  6.12614
6913.15  5.918957
6914.39  6.623721
6915.63  5.909446
6916.87  5.880005
6918.12  6.089373
6919.36  6.004496
6920.60  6.822985
6921.84  6.535679
6923.08  6.064077
6924.32  6.382187
6925.56  6.266175
6926.80  7.501772
6928.04  7.099286
6929.28  6.498641
6930.52  7.029879
6931.76  6.874268
6933.01  7.867772
6934.25  8.402678
6935.49  9.267676
6936.73  10.84889
6937.97  10.79598
6939.21  10.23252
6940.45  9.152512
6941.69  8.240847
6942.93  8.32634
6944.17  8.3012
6945.41  8.790964
6946.66  9.112024
6947.90  8.965368
6949.14  9.427755
6950.38  10.2456
6951.62  12.20727
6952.86  14.35667
6954.10  15.63767
6955.34  19.01353
6956.58  25.1525
6957.82  38.1045
6959.06  74.88625
6960.31  169.6342
6961.55  391.7428
6962.79  1073.105
6964.03  1993.345
6965.27  2185.491
6966.51  1602.758
6967.75  761.736
6968.99  399.4338
6970.23  218.0576
6971.47  146.4993
6972.71  110.1788
6973.95  73.80131
6975.20  41.50087
6976.44  24.67909
6977.68  17.65347
6978.92  12.45912
6980.16  10.27684
6981.40  9.735439
6982.64  8.86194
6983.88  8.798645
6985.12  8.036527
6986.36  8.096166
6987.60  8.000912
6988.85  8.295315
6990.09  8.669319
6991.33  8.117168
6992.57  7.998435
6993.81  7.967137
6995.05  7.418184
6996.29  7.717752
6997.53  7.442642
6998.77  7.353778
7000.01  7.141067
7001.25  6.574663
7002.49  7.443213
7003.74  7.373564
7004.98  6.790505
7006.22  6.944989
7007.46  6.749964
7008.70  7.310685
7009.94  6.708319
7011.18  6.365071
7012.42  6.700866
7013.66  7.067358
7014.90  7.225466
7016.14  6.554301
7017.39  6.605205
7018.63  6.622698
7019.87  6.41804
7021.11  6.833552
7022.35  6.650576
7023.59  6.802715
7024.83  6.868069
7026.07  7.389447
7027.31  10.51657
7028.55  14.1715
7029.79  15.16499
7031.03  13.38282
7032.28  10.60793
7033.52  8.539088
7034.76  7.793953
7036.00  7.249764
7037.24  6.996011
7038.48  7.594258
7039.72  7.485044
7040.96  7.400311
7042.20  7.238682
7043.44  7.031129
7044.68  6.634674
7045.93  6.641984
7047.17  7.12782
7048.41  7.023899
7049.65  7.008965
7050.89  7.253978
7052.13  7.378475
7053.37  7.853662
7054.61  8.540644
7055.85  9.037746
7057.09  10.02715
7058.33  12.42587
7059.58  15.98525
7060.82  24.49766
7062.06  48.20855
7063.30  113.2509
7064.54  368.8837
7065.78  663.6555
7067.02  743.9141
7068.26  528.1333
7069.50  266.1656
7070.74  142.4767
7071.98  79.65712
7073.22  52.64523
7074.47  42.83257
7075.71  32.2109
7076.95  21.54928
7078.19  14.36772
7079.43  10.7702
7080.67  8.75069
7081.91  7.895952
7083.15  7.932223
7084.39  7.631432
7085.63  6.888373
7086.87  6.70203
7088.12  6.549681
7089.36  6.904122
7090.60  6.875308
7091.84  6.661964
7093.08  6.534266
7094.32  6.515951
7095.56  6.643392
7096.80  7.121189
7098.04  6.797549
7099.28  6.609969
7100.52  6.455774
7101.76  6.400517
7103.01  6.702514
7104.25  6.83579
7105.49  7.546434
7106.73  7.733614
7107.97  7.764012
7109.21  7.574145
7110.45  7.2895
7111.69  6.466077
7112.93  5.983769
7114.17  6.645711
7115.41  6.320682
7116.66  6.163624
7117.90  6.072603
7119.14  6.020643
7120.38  6.16984
7121.62  6.596092
7122.86  6.581873
7124.10  6.801006
7125.34  6.688357
7126.58  6.799038
7127.82  6.676714
7129.06  6.568767
7130.30  6.191867
7131.55  5.743426
7132.79  6.423704
7134.03  6.822548
7135.27  6.502981
7136.51  7.322695
7137.75  7.129441
7138.99  7.09726
7140.23  8.077464
7141.47  10.02682
7142.71  16.28861
7143.95  43.63356
7145.20  98.53088
7146.44  123.7739
7147.68  102.1125
7148.92  57.13947
7150.16  32.14236
7151.40  20.50867
7152.64  14.04663
7153.88  12.186
7155.12  11.45395
7156.36  9.977777
7157.60  8.467556
7158.85  8.171638
7160.09  7.400225
7161.33  6.823503
7162.57  6.438076
7163.81  6.398439
7165.05  6.296378
7166.29  6.153481
7167.53  6.499557
7168.77  6.50376
7170.01  6.352844
7171.25  6.86974
7172.49  6.305429
7173.74  6.234264
7174.98  6.277543
7176.22  6.028183
7177.46  6.48087
7178.70  6.172539
7179.94  6.117319
7181.18  6.399264
7182.42  6.250477
7183.66  6.489086
7184.90  6.487081
7186.14  6.575117
7187.39  6.438108
7188.63  6.116503
7189.87  6.212605
7191.11  6.682263
7192.35  6.965536
7193.59  6.340572
7194.83  5.904839
7196.07  6.675754
7197.31  6.425216
7198.55  6.665094
7199.79  6.80514
7201.03  6.545773
7202.28  6.868756
7203.52  7.022869
7204.76  8.206448
7206.00  9.115463
7207.24  8.822674
7208.48  8.05335
7209.72  7.338693
7210.96  6.890148
7212.20  7.117018
7213.44  6.81322
7214.68  6.323731
7215.93  6.73336
7217.17  6.375099
7218.41  6.578547
7219.65  6.520924
7220.89  6.938822
7222.13  7.212744
7223.37  6.452865
7224.61  7.288549
7225.85  7.077982
7227.09  7.065315
7228.33  7.497568
7229.57  7.488398
7230.82  7.626041
7232.06  7.212559
7233.30  7.465099
7234.54  7.56681
7235.78  7.118583
7237.02  7.442045
7238.26  7.053052
7239.50  7.425334
7240.74  7.654001
7241.98  7.56511
7243.22  8.01
7244.47  7.815582
7245.71  7.63681
7246.95  8.325377
7248.19  7.929208
7249.43  8.536082
7250.67  8.474913
7251.91  8.146778
7253.15  8.32495
7254.39  8.39534
7255.63  8.384338
7256.87  8.275217
7258.12  8.670738
7259.36  9.641798
7260.60  10.24074
7261.84  11.35604
7263.08  12.29727
7264.32  14.45919
7265.56  17.9534
7266.80  24.20706
7268.04  37.59332
7269.28  119.7334
7270.52  434.3675
7271.76  736.1411
7273.01  721.4926
7274.25  458.3248
7275.49  220.9708
7276.73  135.4951
7277.97  73.85854
7279.21  52.63023
7280.45  44.4304
7281.69  35.5346
7282.93  25.29233
7284.17  18.46444
7285.41  14.35628
7286.66  11.76155
7287.90  10.59128
7289.14  9.483162
7290.38  9.410284
7291.62  9.733179
7292.86  9.432188
7294.10  9.768685
7295.34  9.576256
7296.58  10.4468
7297.82  10.99177
7299.06  11.63528
7300.30  12.44151
7301.55  11.18725
7302.79  10.35091
7304.03  10.37162
7305.27  9.385511
7306.51  9.461141
7307.75  9.605018
7308.99  10.76114
7310.23  12.02673
7311.47  11.55568
7312.71  11.26181
7313.95  10.82613
7315.20  11.24916
7316.44  11.38987
7317.68  9.694462
7318.92  9.735637
7320.16  9.532305
7321.40  9.351429
7322.64  9.590244
7323.88  9.186962
7325.12  9.88735
7326.36  9.33827
7327.60  9.641438
7328.84  10.18317
7330.09  9.481777
7331.33  9.910524
7332.57  9.67941
7333.81  9.54001
7335.05  10.14639
7336.29  9.514843
7337.53  9.853861
7338.77  10.14566
7340.01  9.897711
7341.25  10.37103
7342.49  9.980734
7343.74  10.48626
7344.98  10.60883
7346.22  10.33001
7347.46  11.08871
7348.70  11.39825
7349.94  12.3923
7351.18  15.50865
7352.42  17.72252
7353.66  16.95705
7354.90  14.4107
7356.14  12.98269
7357.39  12.72247
7358.63  12.19138
7359.87  12.86173
7361.11  12.9232
7362.35  12.8923
7363.59  13.69516
7364.83  13.35269
7366.07  14.09766
7367.31  14.07787
7368.55  16.30834
7369.79  24.92602
7371.03  33.13652
7372.28  35.02985
7373.52  30.96656
7374.76  28.68845
7376.00  33.1798
7377.24  42.28637
7378.48  62.1223
7379.72  125.8177
7380.96  566.058
7382.20  1557.337
7383.44  1923.806
7384.68  1568.897
7385.93  785.0239
7387.17  438.2848
7388.41  254.8695
7389.65  147.1393
7390.89  113.3826
7392.13  94.58315
7393.37  71.15816
7394.61  49.65823
7395.85  34.92725
7397.09  26.49849
7398.33  21.15874
7399.57  16.98716
7400.82  15.52417
7402.06  14.68986
7403.30  14.16923
7404.54  14.76943
7405.78  13.12872
7407.02  13.58734
7408.26  13.52376
7409.50  13.25169
7410.74  14.29182
7411.98  14.04366
7413.22  14.24965
7414.47  13.77602
7415.71  13.01067
7416.95  13.67291
7418.19  13.19908
7419.43  13.29962
7420.67  13.14977
7421.91  13.27718
7423.15  14.21818
7424.39  14.27729
7425.63  14.01685
7426.87  13.87268
7428.11  13.39547
7429.36  13.49951
7430.60  13.50329
7431.84  13.64664
7433.08  15.76204
7434.32  17.64609
7435.56  17.85383
7436.80  16.82302
7438.04  14.63877
7439.28  14.3945
7440.52  14.13131
7441.76  14.49695
7443.01  14.13659
7444.25  13.57351
7445.49  14.20059
7446.73  14.07479
7447.97  14.13979
7449.21  14.46282
7450.45  14.19034
7451.69  15.13314
7452.93  14.68261
7454.17  14.62633
7455.41  15.03921
7456.66  14.83739
7457.90  15.46467
7459.14  15.21901
7460.38  15.96569
7461.62  15.98631
7462.86  16.09675
7464.10  17.07704
7465.34  16.6397
7466.58  16.8637
7467.82  17.94776
7469.06  20.24856
7470.30  22.12799
7471.55  21.98621
7472.79  20.06957
7474.03  19.69879
7475.27  19.48394
7476.51  20.14088
7477.75  19.82523
7478.99  19.92735
7480.23  21.23137
7481.47  21.40068
7482.71  23.0006
7483.95  23.59198
7485.20  23.21677
7486.44  23.65728
7487.68  23.76979
7488.92  24.53913
7490.16  27.46586
7491.40  29.95378
7492.64  33.19365
7493.88  37.43888
7495.12  44.95969
7496.36  56.561
7497.60  78.95605
7498.84  115.9609
7500.09  319.3295
7501.33  1214.824
7502.57  2291.786
7503.81  2417.487
7505.05  1706.095
7506.29  887.4163
7507.53  562.9613
7508.77  347.726
7510.01  257.4807
7511.25  474.6349
7512.49  1234.083
7513.74  1809.709
7514.98  1693.782
7516.22  1009.176
7517.46  556.2441
7518.70  334.8254
7519.94  195.3302
7521.18  133.7418
7522.42  108.1235
7523.66  88.72031
7524.90  69.44221
7526.14  53.8226
7527.38  43.63908
7528.63  35.63644
7529.87  30.05214
7531.11  27.31045
7532.35  25.4663
7533.59  25.37844
7534.83  24.12684
7536.07  24.00757
7537.31  24.38834
7538.55  23.59193
7539.79  24.1239
7541.03  24.26632
7542.28  23.61401
7543.52  23.49316
7544.76  23.09111
7546.00  23.17657
7547.24  22.57053
7548.48  22.92562
7549.72  23.15958
7550.96  22.8096
7552.20  23.16511
7553.44  22.95569
7554.68  23.02575
7555.93  23.41593
7557.17  23.05139
7558.41  23.64295
7559.65  23.79599
7560.89  23.6837
7562.13  23.97956
7563.37  24.04352
7564.61  23.98583
7565.85  24.60159
7567.09  24.96472
7568.33  25.06189
7569.57  24.96365
7570.82  26.09369
7572.06  25.81421
7573.30  26.08842
7574.54  26.40039
7575.78  26.56458
7577.02  27.22598
7578.26  27.24162
7579.50  27.37194
7580.74  28.59089
7581.98  29.05134
7583.22  29.04597
7584.47  29.2249
7585.71  29.90457
7586.95  30.93227
7588.19  31.00681
7589.43  30.99997
7590.67  32.11053
7591.91  32.55586
7593.15  33.30523
7594.39  34.36642
7595.63  35.04448
7596.87  35.70856
7598.11  35.89082
7599.36  37.20658
7600.60  38.02228
7601.84  38.86919
7603.08  39.47318
7604.32  39.56042
7605.56  40.73089
7606.80  42.61456
7608.04  44.51394
7609.28  45.20596
7610.52  47.87819
7611.76  49.4623
7613.01  49.51586
7614.25  50.67254
7615.49  53.07621
7616.73  54.65456
7617.97  55.93649
7619.21  58.08257
7620.45  63.66156
7621.69  75.34913
7622.93  87.31908
7624.17  97.85729
7625.41  114.8722
7626.65  148.0097
7627.90  203.3731
7629.14  314.5073
7630.38  418.9921
7631.62  2079.34
7632.86  7173.813
7634.10  11848.43
7635.34  11681.93
7636.58  7612.04
7637.82  4209.979
7639.06  2531.455
7640.30  1404.759
7641.55  879.0276
7642.79  671.2842
7644.03  541.3715
7645.27  413.2784
7646.51  299.6811
7647.75  215.8463
7648.99  156.9948
7650.23  109.4391
7651.47  79.50716
7652.71  58.77383
7653.95  52.55664
7655.19  46.93
7656.44  45.34921
7657.68  44.70187
7658.92  43.75761
7660.16  42.35051
7661.40  41.39445
7662.64  40.84682
7663.88  39.89986
7665.12  39.69972
7666.36  39.66136
7667.60  39.01601
7668.84  37.99822
7670.09  37.71545
7671.33  37.26219
7672.57  36.95146
7673.81  36.53491
7675.05  35.97695
7676.29  35.35321
7677.53  34.98012
7678.77  34.80931
7680.01  34.53878
7681.25  33.80373
7682.49  33.81975
7683.74  33.99737
7684.98  34.20732
7686.22  34.07372
7687.46  33.19646
7688.70  33.37274
7689.94  33.73613
7691.18  34.02141
7692.42  34.28767
7693.66  34.02298
7694.90  34.52454
7696.14  34.9836
7697.38  33.88008
7698.63  33.83783
7699.87  34.05307
7701.11  34.58407
7702.35  35.31124
7703.59  36.69747
7704.83  36.35492
7706.07  36.52348
7707.31  37.78804
7708.55  38.84677
7709.79  42.83433
7711.03  48.20721
7712.28  55.27806
7713.52  67.32099
7714.76  88.24329
7716.00  134.6144
7717.24  218.3746
7718.48  346.3587
7719.72  564.7722
7720.96  1479.619
7722.20  3411.717
7723.44  4869.128
7724.68  4500.423
7725.92  2861.075
7727.17  1514.673
7728.41  837.0015
7729.65  453.6801
7730.89  279.054
7732.13  216.6206
7733.37  178.9115
7734.61  142.5525
7735.85  110.2007
7737.09  82.87435
7738.33  63.47466
7739.57  47.87642
7740.82  38.75955
7742.06  34.48663
7743.30  31.77854
7744.54  32.2771
7745.78  28.94299
7747.02  28.87719
7748.26  28.71257
7749.50  27.35868
7750.74  26.59533
7751.98  26.19311
7753.22  25.99289
7754.46  26.07385
7755.71  25.06921
7756.95  25.12902
7758.19  24.42361
7759.43  24.37925
7760.67  24.09168
7761.91  22.93766
7763.15  22.29008
7764.39  22.08025
7765.63  21.56157
7766.87  22.0513
7768.11  20.9223
7769.36  20.69094
7770.60  20.65683
7771.84  20.22104
7773.08  20.52924
7774.32  19.72855
7775.56  19.47685
7776.80  19.31854
7778.04  19.09657
7779.28  19.01194
7780.52  18.0682
7781.76  17.67869
7783.01  17.44444
7784.25  17.49321
7785.49  17.7477
7786.73  17.33422
7787.97  16.83916
7789.21  16.70275
7790.45  17.01977
7791.69  16.96797
7792.93  16.35877
7794.17  16.1718
7795.41  16.10755
7796.65  16.614
7797.90  16.87895
7799.14  16.22013
7800.38  15.80092
7801.62  15.51699
7802.86  15.70241
7804.10  15.92809
7805.34  15.55792
7806.58  15.04439
7807.82  14.86676
7809.06  14.99915
7810.30  14.72596
7811.55  14.69837
7812.79  14.71805
7814.03  14.4769
7815.27  14.54336
7816.51  14.29933
7817.75  14.53116
7818.99  14.34087
7820.23  13.93427
7821.47  14.10414
7822.71  13.92449
7823.95  13.87173
7825.19  14.23396
7826.44  13.82958
7827.68  14.05598
7828.92  14.14643
7830.16  14.01731
7831.40  14.00785
7832.64  13.80382
7833.88  14.37827
7835.12  14.23906
7836.36  13.66643
7837.60  13.86498
7838.84  14.15896
7840.09  13.96602
7841.33  13.54725
7842.57  14.04938
7843.81  14.04274
7845.05  13.69568
7846.29  14.06893
7847.53  13.88063
7848.77  13.94973
7850.01  14.44622
7851.25  14.31788
7852.49  14.72895
7853.73  14.7501
7854.98  14.47284
7856.22  14.93344
7857.46  14.38123
7858.70  14.8383
7859.94  14.75998
7861.18  14.42125
7862.42  15.08474
7863.66  14.93408
7864.90  15.40605
7866.14  15.58924
7867.38  15.69382
7868.63  16.01556
7869.87  15.37003
7871.11  15.35575
7872.35  15.92633
7873.59  15.68185
7874.83  16.10835
7876.07  15.79731
7877.31  15.87866
7878.55  16.26884
7879.79  16.10356
7881.03  17.22725
7882.28  16.56215
7883.52  16.88878
7884.76  17.17178
7886.00  16.84404
7887.24  17.72617
7888.48  19.31181
7889.72  20.59811
7890.96  21.72205
7892.20  20.36766
7893.44  19.67653
7894.68  19.16811
7895.92  18.74921
7897.17  19.21324
7898.41  18.65006
7899.65  19.18781
7900.89  19.55214
7902.13  19.81579
7903.37  20.47598
7904.61  19.92579
7905.85  20.88606
7907.09  21.03228
7908.33  20.8562
7909.57  21.21824
7910.82  21.30626
7912.06  22.2859
7913.30  22.37603
7914.54  22.81455
7915.78  23.64735
7917.02  23.25831
7918.26  23.53211
7919.50  24.28287
7920.74  24.48848
7921.98  25.15965
7923.22  25.25992
7924.46  26.22135
7925.71  26.83843
7926.95  27.64926
7928.19  28.30399
7929.43  28.09109
7930.67  28.8081
7931.91  29.84124
7933.15  31.36676
7934.39  34.87212
7935.63  38.68626
7936.87  45.14719
7938.11  53.7506
7939.36  70.25134
7940.60  110.2538
7941.84  184.1487
7943.08  298.9324
7944.32  619.796
7945.56  1565.103
7946.80  2757.864
7948.04  3057.968
7949.28  2210.482
7950.52  1048.274
7951.76  476.4897
7953.00  261.8345
7954.25  127.0757
7955.49  67.38132
7956.73  50.12867
7957.97  42.98155
7959.21  38.76861
7960.45  36.94902
7961.69  36.52776
7962.93  36.04896
7964.17  35.51223
7965.41  35.33207
7966.65  34.59736
7967.90  34.68586
7969.14  35.19286
7970.38  35.49567
7971.62  35.7363
7972.86  35.82157
7974.10  35.12223
7975.34  35.32137
7976.58  35.57388
7977.82  35.98468
7979.06  36.03362
7980.30  36.00322
7981.55  36.16161
7982.79  37.14986
7984.03  37.96466
7985.27  38.12123
7986.51  38.54971
7987.75  39.05043
7988.99  40.66704
7990.23  41.02941
7991.47  41.65515
7992.71  44.09696
7993.95  47.52399
7995.19  53.08686
7996.44  60.34464
7997.68  72.96928
7998.92  105.6476
8000.16  163.1552
8001.40  259.439
8002.64  597.288
8003.88  1325.165
8005.12  2053.203
8006.36  2032.35
8007.60  1346.547
8008.84  730.7045
8010.09  537.8771
8011.33  852.3245
8012.57  1640.582
8013.81  2439.308
8015.05  2347.321
8016.29  1462.293
8017.53  654.6315
8018.77  331.5936
8020.01  201.1315
8021.25  111.8327
8022.49  73.19858
8023.73  56.49716
8024.98  49.85865
8026.22  46.40484
8027.46  45.24091
8028.70  43.98354
8029.94  42.47267
8031.18  42.0641
8032.42  41.92268
8033.66  42.29227
8034.90  41.89601
8036.14  41.4293
8037.38  41.37211
8038.63  40.95966
8039.87  42.10152
8041.11  41.53882
8042.35  41.1529
8043.59  41.33382
8044.83  41.81715
8046.07  42.70142
8047.31  42.7475
8048.55  42.19575
8049.79  42.6192
8051.03  43.5503
8052.27  44.59473
8053.52  45.26837
8054.76  43.78286
8056.00  43.3663
8057.24  43.9821
8058.48  44.81165
8059.72  44.94223
8060.96  44.59118
8062.20  45.35586
8063.44  45.56864
8064.68  47.33901
8065.92  48.32104
8067.17  47.57066
8068.41  48.25014
8069.65  48.64526
8070.89  49.48181
8072.13  50.91423
8073.37  50.78967
8074.61  51.61734
8075.85  52.46208
8077.09  54.40079
8078.33  56.08
8079.57  55.45261
8080.82  56.90363
8082.06  57.96418
8083.30  59.59788
8084.54  60.99568
8085.78  62.15856
8087.02  63.79708
8088.26  66.64091
8089.50  76.06712
8090.74  94.09419
8091.98  108.3731
8093.22  113.3632
8094.46  115.7354
8095.71  136.8617
8096.95  204.9469
8098.19  305.5826
8099.43  579.8082
8100.67  1383.026
8101.91  2751.617
8103.15  3571.227
8104.39  2991.512
8105.63  1669.081
8106.87  827.8983
8108.11  676.6774
8109.36  775.8562
8110.60  1157.141
8111.84  2725.028
8113.08  6057.21
8114.32  9412.246
8115.56  9187.873
8116.80  5735.965
8118.04  2522.353
8119.28  1209.641
8120.52  739.2758
8121.76  419.8974
8123.00  254.8687
8124.25  159.8326
8125.49  117.41
8126.73  94.37896
8127.97  82.6543
8129.21  76.00444
8130.45  70.76036
8131.69  67.80524
8132.93  64.74297
8134.17  63.67637
8135.41  62.98046
8136.65  60.43219
8137.90  58.39799
8139.14  56.77538
8140.38  56.17124
8141.62  56.09507
8142.86  53.64585
8144.10  52.54621
8145.34  51.47739
8146.58  50.04324
8147.82  49.5483
8149.06  47.7937
8150.30  47.57033
8151.54  46.4054
8152.79  45.93722
8154.03  46.43852
8155.27  44.96346
8156.51  43.55591
8157.75  42.54088
8158.99  41.28761
8160.23  41.29176
8161.47  39.57128
8162.71  39.26084
8163.95  38.70418
8165.19  38.2699
8166.44  37.39089
8167.68  36.36583
8168.92  36.4346
8170.16  35.87277
8171.40  34.82882
8172.64  34.69682
8173.88  33.98722
8175.12  33.44865
8176.36  33.40595
8177.60  32.79733
8178.84  33.3525
8180.09  32.20045
8181.33  31.67562
8182.57  31.39849
8183.81  31.19664
8185.05  31.61406
8186.29  30.80366
8187.53  30.17308
8188.77  29.70606
8190.01  29.85959
8191.25  30.25698
8192.49  29.63787
8193.73  29.45914
8194.98  29.08805
8196.22  29.28711
8197.46  29.58038
8198.70  28.99997
8199.94  28.84473
8201.18  28.79446
8202.42  29.02357
8203.66  29.47445
8204.90  29.12296
8206.14  28.65932
8207.38  28.24932
8208.63  28.01513
8209.87  29.21392
8211.11  29.39024
8212.35  28.54436
8213.59  28.44694
8214.83  28.81845
8216.07  29.62345
8217.31  29.77248
8218.55  29.22654
8219.79  29.42776
8221.03  29.78906
8222.27  29.66773
8223.52  30.25729
8224.76  30.16455
8226.00  30.43547
8227.24  30.72838
8228.48  31.63575
8229.72  32.07617
8230.96  31.88775
8232.20  32.23715
8233.44  32.59348
8234.68  32.91334
8235.92  33.84665
8237.17  34.12726
8238.41  34.71268
8239.65  35.7378
8240.89  36.05513
8242.13  36.98389
8243.37  37.77972
8244.61  38.73823
8245.85  38.78105
8247.09  40.22401
8248.33  42.37785
8249.57  44.90775
8250.81  49.81448
8252.06  56.85072
8253.30  65.9965
8254.54  78.25281
8255.78  99.81769
8257.02  151.9724
8258.26  258.0281
8259.50  476.541
8260.74  1101.278
8261.98  2457.893
8263.22  4221.206
8264.46  4559.082
8265.71  3318.768
8266.95  1587.959
8268.19  752.2394
8269.43  441.7567
8270.67  281.0958
8271.91  189.0948
8273.15  125.0271
8274.39  85.90721
8275.63  66.15498
8276.87  54.91864
8278.11  48.91497
8279.35  45.93786
8280.60  43.08303
8281.84  41.40037
8283.08  39.69137
8284.32  38.8003
8285.56  38.3061
8286.80  37.04743
8288.04  35.80238
8289.28  34.95359
8290.52  34.00578
8291.76  33.93625
8293.00  33.5925
8294.25  32.40412
8295.49  31.89495
8296.73  31.19126
8297.97  30.51185
8299.21  30.68022
8300.45  30.67326
8301.69  30.19475
8302.93  29.37745
8304.17  29.17677
8305.41  29.36753
8306.65  28.64097
8307.90  27.76271
8309.14  27.42885
8310.38  27.56961
8311.62  27.54658
8312.86  27.73708
8314.10  28.15883
8315.34  28.41551
8316.58  28.21258
8317.82  27.96917
8319.06  26.95906
8320.30  26.77795
8321.54  26.63066
8322.79  26.34196
8324.03  26.66946
8325.27  26.29657
8326.51  26.20776
8327.75  26.28621
8328.99  26.37533
8330.23  26.43814
8331.47  26.16684
8332.71  26.054
8333.95  25.77193
8335.19  26.41756
8336.44  26.58207
8337.68  26.70968
8338.92  26.61451
8340.16  26.25942
8341.40  27.16657
8342.64  26.83467
8343.88  26.87654
8345.12  27.56605
8346.36  27.54333
8347.60  27.73475
8348.84  28.67302
8350.08  28.29197
8351.33  28.62895
8352.57  28.82324
8353.81  28.93478
8355.05  29.60829
8356.29  29.68586
8357.53  30.74968
8358.77  30.78717
8360.01  30.3476
8361.25  31.65075
8362.49  31.92134
8363.73  32.12013
8364.98  32.75131
8366.22  33.14198
8367.46  33.73648
8368.70  33.86761
8369.94  34.59119
8371.18  35.15514
8372.42  36.11853
8373.66  37.66332
8374.90  37.58672
8376.14  38.00045
8377.38  38.60841
8378.62  39.4948
8379.87  41.22637
8381.11  42.24581
8382.35  43.45403
8383.59  45.20234
8384.83  45.70866
8386.07  46.18805
8387.31  46.86849
8388.55  48.5123
8389.79  49.68588
8391.03  50.36365
8392.27  52.55045
8393.52  55.47383
8394.76  59.95798
8396.00  66.35083
8397.24  73.181
8398.48  83.1067
8399.72  99.70416
8400.96  134.4008
8402.20  209.5525
8403.44  389.993
8404.68  942.9001
8405.92  1936.562
8407.17  3072.952
8408.41  3102.813
8409.65  2135.035
8410.89  1036.53
8412.13  533.4734
8413.37  340.0628
8414.61  253.3352
8415.85  210.0734
8417.09  195.5646
8418.33  238.4812
8419.57  394.2637
8420.81  966.1531
8422.06  2188.676
8423.30  3895.949
8424.54  4435.473
8425.78  3310.125
8427.02  1683.767
8428.26  755.1086
8429.50  450.1423
8430.74  298.1385
8431.98  216.08
8433.22  150.8131
8434.46  106.0197
8435.71  83.05938
8436.95  69.01431
8438.19  60.78308
8439.43  57.15382
8440.67  54.08124
8441.91  52.06104
8443.15  50.98329
8444.39  49.17137
8445.63  48.13645
8446.87  46.84307
8448.11  45.60782
8449.35  44.88133
8450.60  43.77213
8451.84  42.85232
8453.08  42.2359
8454.32  41.32624
8455.56  41.14106
8456.80  39.65228
8458.04  38.81848
8459.28  38.43654
8460.52  36.95985
8461.76  36.77989
8463.00  36.56234
8464.25  35.49768
8465.49  35.22575
8466.73  34.27228
8467.97  34.15621
8469.21  33.41499
8470.45  33.45801
8471.69  33.52225
8472.93  32.23258
8474.17  31.96634
8475.41  31.82144
8476.65  31.13567
8477.89  31.2629
8479.14  31.00016
8480.38  30.32753
8481.62  30.32288
8482.86  29.7916
8484.10  30.02605
8485.34  29.76822
8486.58  29.67078
8487.82  30.08652
8489.06  29.00602
8490.30  28.98238
8491.54  28.98177
8492.79  29.08812
8494.03  29.4155
8495.27  28.75185
8496.51  29.47631
8497.75  29.34509
8498.99  29.02248
8500.23  29.20027
8501.47  28.76303
8502.71  28.62598
8503.95  29.14645
8505.19  29.98606
8506.44  31.43664
8507.68  32.21217
8508.92  33.91774
8510.16  36.91071
8511.40  40.39576
8512.64  47.88828
8513.88  60.85588
8515.12  89.53837
8516.36  161.5393
8517.60  386.5266
8518.84  847.3253
8520.08  1459.47
8521.33  1665.839
8522.57  1305.597
8523.81  691.724
8525.05  339.1101
8526.29  194.2805
8527.53  132.1457
8528.77  96.94429
8530.01  69.72816
8531.25  51.63225
8532.49  41.52871
8533.73  34.26461
8534.98  30.42402
8536.22  27.48777
8537.46  26.41292
8538.70  25.49617
8539.94  24.57008
8541.18  24.49933
8542.42  24.31658
8543.66  23.43404
8544.90  22.93775
8546.14  22.12316
8547.38  21.27826
8548.62  20.48131
8549.87  20.8118
8551.11  20.6442
8552.35  19.04032
8553.59  19.52098
8554.83  18.99049
8556.07  18.55667
8557.31  18.56409
8558.55  17.64993
8559.79  17.75254
8561.03  17.54082
8562.27  16.72688
8563.52  17.18667
8564.76  16.60441
8566.00  17.0394
8567.24  16.55565
8568.48  15.49633
8569.72  15.81593
8570.96  15.19681
8572.20  14.94016
8573.44  15.26252
8574.68  14.39316
8575.92  14.93962
8577.16  14.34534
8578.41  14.17884
8579.65  14.36135
8580.89  14.17275
8582.13  14.01338
8583.37  13.63316
8584.61  13.76508
8585.85  14.15718
8587.09  13.18122
8588.33  13.55828
8589.57  13.36178
8590.81  12.79234
8592.06  12.8538
8593.30  12.56957
8594.54  12.5347
8595.78  12.54486
8597.02  12.54296
8598.26  12.69482
8599.50  12.18939
8600.74  12.37686
8601.98  12.88356
8603.22  12.86336
8604.46  14.23128
8605.71  14.72762
8606.95  13.65236
8608.19  12.48483
8609.43  11.71491
8610.67  11.54807
8611.91  11.01574
8613.15  11.09645
8614.39  11.28999
8615.63  10.62549
8616.87  11.2724
8618.11  12.0621
8619.35  12.10807
8620.60  12.26887
8621.84  11.41741
8623.08  11.21077
8624.32  10.76624
8625.56  10.6702
8626.80  10.76275
8628.04  10.5927
8629.28  11.06932
8630.52  10.36798
8631.76  10.13507
8633.00  10.58489
8634.25  10.112
8635.49  10.32665
8636.73  10.52332
8637.97  10.02075
8639.21  10.75029
8640.45  10.86106
8641.69  10.46458
8642.93  10.40677
8644.17  10.03699
8645.41  10.15879
8646.65  10.70932
8647.89  10.33241
8649.14  10.85083
8650.38  10.48188
8651.62  10.39979
8652.86  10.6975
8654.10  10.61859
8655.34  11.03764
8656.58  11.21115
8657.82  11.73311
8659.06  12.58528
8660.30  13.64365
8661.54  16.71405
8662.79  24.25554
8664.03  58.15038
8665.27  124.6596
8666.51  219.0743
8667.75  263.3818
8668.99  216.215
8670.23  129.0009
8671.47  65.54128
8672.71  38.54867
8673.95  26.68045
8675.19  21.3292
8676.43  17.54177
8677.68  14.84842
8678.92  12.98071
8680.16  11.66853
8681.40  10.77693
8682.64  9.879839
8683.88  10.03221
8685.12  9.602455
8686.36  9.805511
8687.60  9.772176
8688.84  9.401759
8690.08  9.476839
8691.33  9.380017
8692.57  9.64662
8693.81  9.514105
8695.05  9.431551
8696.29  9.179605
8697.53  9.002919
8698.77  8.92355
8700.01  8.678071
8701.25  8.524948
8702.49  8.590412
8703.73  8.603793
8704.98  8.778446
8706.22  8.693604
8707.46  8.480861
8708.70  9.094971
8709.94  9.655468
8711.18  13.97136
8712.42  35.04435
8713.66  67.51564
8714.90  87.37019
8716.14  82.57309
8717.38  66.04181
8718.62  49.02884
8719.87  34.61713
8721.11  24.12436
8722.35  18.44465
8723.59  16.4472
8724.83  14.82475
8726.07  12.53287
8727.31  10.81105
8728.55  9.891525
8729.79  8.734735
8731.03  7.914439
8732.27  7.905868
8733.52  7.828993
8734.76  7.98344
8736.00  7.822087
8737.24  7.264163
8738.48  7.410138
8739.72  7.806896
8740.96  7.941917
8742.20  7.52693
8743.44  7.489744
8744.68  7.387552
8745.92  6.893944
8747.16  7.207378
8748.41  7.369426
8749.65  7.457125
8750.89  7.645514
8752.13  7.263758
8753.37  7.24122
8754.61  7.462804
8755.85  7.255837
8757.09  7.625307
8758.33  7.931251
8759.57  8.735992
8760.81  9.259955
8762.06  9.332325
8763.30  8.947052
8764.54  7.950086
8765.78  7.525371
8767.02  7.284879
8768.26  7.283584
8769.50  6.931988
8770.74  7.046678
8771.98  6.978287
8773.22  7.439834
8774.46  7.242707
8775.70  6.655449
8776.95  6.700812
8778.19  6.732241
8779.43  7.028857
8780.67  7.123935
8781.91  7.131237
8783.15  6.996031
8784.39  6.881991
8785.63  7.058555
8786.87  7.215471
8788.11  6.665905
8789.35  6.803265
8790.60  6.449881
8791.84  6.548715
8793.08  7.175889
8794.32  6.854479
8795.56  6.849474
8796.80  6.999281
8798.04  6.927671
8799.28  7.845024
8800.52  7.522386
8801.76  6.920346
8803.00  6.669331
8804.25  6.35042
8805.49  6.749551
8806.73  6.863681
8807.97  6.652256
8809.21  6.686616
8810.45  6.454372
8811.69  6.752159
8812.93  6.79936
8814.17  6.124658
8815.41  6.255862
8816.65  6.382608
8817.89  6.969403
8819.14  6.62466
8820.38  6.369296
8821.62  6.456299
8822.86  6.542292
8824.10  6.769701
8825.34  6.478513
8826.58  6.469741
8827.82  6.263647
8829.06  6.2714
8830.30  6.574932
8831.54  6.914676
8832.79  6.436986
8834.03  6.325961
8835.27  5.944714
8836.51  6.46213
8837.75  7.151704
8838.99  6.487225
8840.23  6.431937
8841.47  6.37516
8842.71  6.090769
8843.95  6.720741
8845.19  6.38427
8846.43  6.37791
8847.68  6.55088
8848.92  6.990698
8850.16  8.111857
8851.40  6.904524
8852.64  6.766251
8853.88  6.092034
8855.12  6.438505
8856.36  9.048159
8857.60  6.438129
8858.84  6.018378
8860.08  6.750895
8861.33  6.894736
8862.57  6.895758
8863.81  6.459821
8865.05  6.403063
8866.29  6.297036
8867.53  6.174136
8868.77  6.891875
8870.01  6.4202
8871.25  6.74907
8872.49  6.817421
8873.73  6.257116
8874.97  6.846299
8876.22  6.828629
8877.46  6.305883
8878.70  6.236731
8879.94  6.246074
8881.18  6.944959
8882.42  7.017938
8883.66  6.646458
8884.90  6.438752
8886.14  6.258612
8887.38  6.960094
8888.62  7.19094
8889.87  6.531758
8891.11  6.544927
8892.35  6.447261
8893.59  6.738406
8894.83  7.116086
8896.07  6.679018
8897.31  7.262284
8898.55  7.005554
8899.79  7.012645
8901.03  7.507789
8902.27  6.691584
8903.52  6.816566
8904.76  6.628967
8906.00  6.539249
8907.24  7.570543
8908.48  7.047635
8909.72  6.976531
8910.96  6.612639
8912.20  6.754153
8913.44  7.403914
8914.68  6.601671
8915.92  6.610444
8917.16  7.054271
8918.41  6.775153
8919.65  8.144017
8920.89  7.188
8922.13  6.735053
8923.37  6.753819
8924.61  6.920081
8925.85  7.730158
8927.09  7.357472
8928.33  7.438288
8929.57  7.724161
8930.81  7.453525
8932.06  7.844708
8933.30  7.590738
8934.54  7.355242
8935.78  7.542964
8937.02  7.299727
8938.26  8.123343
8939.50  8.181184
8940.74  7.503749
8941.98  7.891656
8943.22  7.019788
8944.46  7.480117
8945.70  8.049335
8946.95  7.26201
8948.19  7.35462
8949.43  7.361147
8950.67  7.482988
8951.91  7.865973
8953.15  7.622856
8954.39  7.695313
8955.63  7.942255
8956.87  8.278407
8958.11  8.375662
8959.35  8.202752
8960.60  8.127391
8961.84  8.122571
8963.08  7.826756
8964.32  8.860745
8965.56  8.468906
8966.80  8.338968
8968.04  8.461336
8969.28  8.27486
8970.52  9.200924
8971.76  8.729322
8973.00  8.272353
8974.24  8.921131
8975.49  9.102975
8976.73  9.371274
8977.97  8.973083
8979.21  8.99881
8980.45  9.147788
8981.69  8.93616
8982.93  9.774257
8984.17  10.11121
8985.41  9.876663
8986.65  9.799329
8987.89  10.09655
8989.14  10.57744
8990.38  10.38377
8991.62  10.16294
8992.86  10.85019
8994.10  15.87204
8995.34  15.82748
8996.58  16.51447
8997.82  16.59289
8999.06  16.70689
9000.30  17.37996
9001.54  17.16273
9002.78  17.83316
9004.03  17.90219
9005.27  17.67416
9006.51  18.38479
9007.75  18.50378
9008.99  19.95999
9010.23  19.34188
9011.47  19.59709
9012.71  20.13294
9013.95  19.86864
9015.19  20.93105
9016.43  21.09717
9017.68  21.30768
9018.92  21.85284
9020.16  21.98066
9021.40  23.19611
9022.64  23.48549
9023.88  23.52401
9025.12  24.06422
9026.36  23.90724
9027.60  24.59394
9028.84  25.84766
9030.08  25.98274
9031.33  26.44068
9032.57  26.64004
9033.81  27.22722
9035.05  28.01313
9036.29  27.75955
9037.53  29.03645
9038.77  29.52135
9040.01  29.46663
9041.25  31.0888
9042.49  30.91424
9043.73  32.11393
9044.97  33.22499
9046.22  33.27946
9047.46  35.24166
9048.70  34.96618
9049.94  36.02572
9051.18  37.0625
9052.42  37.33524
9053.66  37.58042
9054.90  39.1075
9056.14  40.46628
9057.38  40.58193
9058.62  42.00303
9059.87  44.39415
9061.11  44.973
9062.35  45.00463
9063.59  45.70048
9064.83  46.45623
9066.07  48.88561
9067.31  50.5461
9068.55  51.34923
9069.79  51.92897
9071.03  52.68567
9072.27  54.86238
9073.51  57.2115
9074.76  57.95645
9076.00  59.44953
9077.24  60.73927
9078.48  62.0294
9079.72  62.95874
9080.96  63.8674
9082.20  65.48536
9083.44  66.87489
9084.68  68.86732
9085.92  70.84496
9087.16  72.50835
9088.41  74.31848
9089.65  75.89993
9090.89  77.73366
9092.13  79.7712
9093.37  80.48778
9094.61  82.49381
9095.85  85.21938
9097.09  87.19312
9098.33  89.6039
9099.57  92.27071
9100.81  95.241
9102.05  98.52238
9103.30  100.5987
9104.54  104.0434
9105.78  105.3442
9107.02  108.0216
9108.26  113.095
9109.50  120.8266
9110.74  133.051
9111.98  143.7459
9113.22  160.9514
9114.46  185.2341
9115.70  225.2604
9116.95  299.3454
9118.19  442.683
9119.43  739.2053
9120.67  2903.289
9121.91  5717.04
9123.15  7169.254
9124.39  5799.834
9125.63  3544.28
9126.87  2035.318
9128.11  1141.975
9129.35  780.2195
9130.60  473.8453
9131.84  274.683
9133.08  194.8378
9134.32  157.0992
9135.56  136.4814
9136.80  125.0019
9138.04  118.0806
9139.28  113.5311
9140.52  108.9273
9141.76  105.0481
9143.00  104.0312
9144.24  100.4628
9145.49  98.30484
9146.73  95.39941
9147.97  91.88965
9149.21  91.1317
9150.45  88.67483
9151.69  85.91476
9152.93  85.03342
9154.17  82.90353
9155.41  82.01546
9156.65  80.05228
9157.89  78.75604
9159.14  77.47436
9160.38  74.60787
9161.62  74.93526
9162.86  73.26627
9164.10  71.51689
9165.34  69.57762
9166.58  68.1775
9167.82  68.41016
9169.06  66.66476
9170.30  64.45962
9171.54  63.96954
9172.78  62.56215
9174.03  61.56393
9175.27  61.21531
9176.51  60.07504
9177.75  58.7862
9178.99  58.06127
9180.23  56.90841
9181.47  55.40699
9182.71  55.34129
9183.95  54.84787
9185.19  53.43538
9186.43  52.76191
9187.68  53.21235
9188.92  52.05665
9190.16  51.56654
9191.40  51.99942
9192.64  55.30924
9193.88  60.00578
9195.12  60.12053
9196.36  56.23035
9197.60  53.30428
9198.84  51.15822
9200.08  50.2821
9201.32  48.42062
9202.57  47.33208
9203.81  46.65341
9205.05  46.60701
9206.29  46.85027
9207.53  46.61825
9208.77  46.06799
9210.01  46.84314
9211.25  46.81453
9212.49  49.04927
9213.73  51.14423
9214.97  53.16335
9216.22  57.16589
9217.46  65.34962
9218.70  79.96604
9219.94  106.1514
9221.18  192.724
9222.42  488.0606
9223.66  842.1472
9224.90  943.411
9226.14  756.0699
9227.38  479.9888
9228.62  291.7086
9229.87  191.2304
9231.11  151.0065
9232.35  110.3662
9233.59  75.19052
9234.83  56.83315
9236.07  47.75739
9237.31  42.6157
9238.55  40.41562
9239.79  37.84405
9241.03  36.30538
9242.27  36.06182
9243.51  34.49342
9244.76  34.00484
9246.00  32.28735
9247.24  31.08465
9248.48  30.87875
9249.72  29.69032
9250.96  29.73394
9252.20  29.36369
9253.44  27.99077
9254.68  27.49396
9255.92  26.91825
9257.16  27.6529
9258.41  26.84378
9259.65  25.37339
9260.89  24.21655
9262.13  23.98974
9263.37  23.83179
9264.61  24.20246
9265.85  23.5764
9267.09  23.03872
9268.33  22.42628
9269.57  22.4763
9270.81  22.0836
9272.05  20.82793
9273.30  20.99594
9274.54  20.45202
9275.78  20.43895
9277.02  21.20091
9278.26  20.2831
9279.50  19.56546
9280.74  18.58683
9281.98  18.43031
9283.22  18.63039
9284.46  18.03654
9285.70  18.45567
9286.95  17.49986
9288.19  17.79263
9289.43  20.4811
9290.67  23.52928
9291.91  23.7297
9293.15  22.13469
9294.39  18.98278
9295.63  17.7855
9296.87  16.99228
9298.11  16.40004
9299.35  15.84235
9300.59  14.87037
9301.84  15.23362
9303.08  15.11341
9304.32  13.95076
9305.56  13.65365
9306.80  12.95759
9308.04  14.06249
9309.28  13.99621
9310.52  13.46867
9311.76  13.35456
9313.00  12.328
9314.24  12.7056
9315.49  13.1754
9316.73  12.60844
9317.97  12.96148
9319.21  12.79647
9320.45  12.17682
9321.69  12.69162
9322.93  12.26748
9324.17  11.38578
9325.41  11.35655
9326.65  11.68009
9327.89  12.69214
9329.14  11.79423
9330.38  11.63046
9331.62  11.96952
9332.86  10.77178
9334.10  12.10244
9335.34  11.45372
9336.58  10.86108
9337.82  11.00651
9339.06  10.60833
9340.30  11.48793
9341.54  11.19551
9342.78  10.91734
9344.03  10.77691
9345.27  10.49357
9346.51  11.99343
9347.75  12.29468
9348.99  13.03249
9350.23  14.76093
9351.47  23.68499
9352.71  42.54437
9353.95  56.26303
9355.19  53.51262
9356.43  40.77774
9357.68  28.15522
9358.92  20.8119
9360.16  17.79381
9361.40  15.30329
9362.64  13.3234
9363.88  11.63892
9365.12  11.1751
9366.36  10.5674
9367.60  9.395385
9368.84  9.386913
9370.08  8.750448
9371.32  9.038819
9372.57  10.02528
9373.81  9.225414
9375.05  8.925415
9376.29  8.930964
9377.53  8.050451
9378.77  8.938371
9380.01  8.734181
9381.25  8.603692
9382.49  8.356083
9383.73  7.872705
9384.97  8.664214
9386.22  8.03858
9387.46  7.739949
9388.70  8.014551
9389.94  7.457013
9391.18  9.183345
9392.42  8.779944
9393.66  8.386234
9394.90  7.872978
9396.14  7.752926
9397.38  8.471271
9398.62  7.995078
9399.86  7.668634
9401.11  7.771845
9402.35  7.637352
9403.59  8.310123
9404.83  8.286654
9406.07  7.628688
9407.31  7.665387
9408.55  7.131307
9409.79  7.935267
9411.03  8.418036
9412.27  7.994551
9413.51  8.23296
9414.76  7.220574
9416.00  7.213205
9417.24  7.7992
9418.48  7.227224
9419.72  7.420816
9420.96  6.816536
9422.20  7.093966
9423.44  7.707748
9424.68  7.030003
9425.92  6.874739
9427.16  6.787416
9428.41  7.085518
9429.65  8.093699
9430.89  7.074113
9432.13  7.097657
9433.37  6.982782
9434.61  6.645536
9435.85  7.169251
9437.09  7.255378
9438.33  6.92609
9439.57  6.92211
9440.81  6.201803
9442.05  7.133896
9443.30  7.143684
9444.54  6.830995
9445.78  7.160473
9447.02  6.778284
9448.26  7.280225
9449.50  7.307897
9450.74  6.844412
9451.98  6.793835
9453.22  6.774997
9454.46  6.949583
9455.70  7.584593
9456.95  7.498287
9458.19  7.514919
9459.43  7.326898
9460.67  7.60249
9461.91  8.106193
9463.15  7.126015
9464.39  7.116392
9465.63  7.188663
9466.87  6.818702
9468.11  7.532842
9469.35  6.826764
9470.59  6.753263
9471.84  6.801403
9473.08  6.080905
9474.32  6.772161
9475.56  7.013911
9476.80  6.976954
9478.04  7.473446
9479.28  7.507989
9480.52  7.478593
9481.76  7.484509
9483.00  6.910346
9484.24  6.919962
9485.49  6.541853
9486.73  7.351245
9487.97  7.756533
9489.21  7.447385
9490.45  7.491661
9491.69  6.370211
9492.93  7.308255
9494.17  7.555832
9495.41  6.831326
9496.65  7.438873
9497.89  6.883619
9499.13  7.800522
9500.38  7.716835
9501.62  6.899977
9502.86  7.243496
9504.10  7.181073
9505.34  7.547105
9506.58  7.685111
9507.82  7.596918
9509.06  7.126331
9510.30  6.670384
9511.54  7.298784
9512.78  7.508608
9514.03  7.105795
9515.27  6.897869
9516.51  7.011327
9517.75  7.649981
9518.99  8.383307
9520.23  7.583744
9521.47  8.725491
9522.71  12.62997
9523.95  11.00757
9525.19  7.467463
9526.43  7.744592
9527.68  7.648121
9528.92  7.487962
9530.16  7.316503
9531.40  8.02642
9532.64  7.847431
9533.88  7.949374
9535.12  8.087095
9536.36  7.726606
9537.60  8.767364
9538.84  8.734666
9540.08  8.052179
9541.32  8.491323
9542.57  7.939781
9543.81  8.996079
9545.05  9.010927
9546.29  7.869604
9547.53  8.229437
9548.77  8.312282
9550.01  8.875113
9551.25  8.956005
9552.49  8.770418
9553.73  9.080708
9554.97  8.834258
9556.22  9.573624
9557.46  10.0455
9558.70  9.211366
9559.94  9.295925
9561.18  9.075248
9562.42  9.471237
9563.66  10.34699
9564.90  9.498299
9566.14  9.929655
9567.38  9.826646
9568.62  9.605865
9569.86  10.9237
9571.11  10.22185
9572.35  10.49271
9573.59  10.41822
9574.83  10.49674
9576.07  11.6848
9577.31  10.81774
9578.55  10.62284
9579.79  10.68781
9581.03  11.06602
9582.27  12.29048
9583.51  11.65816
9584.76  11.65228
9586.00  12.19653
9587.24  11.93101
9588.48  12.09089
9589.72  11.96935
9590.96  12.51378
9592.20  12.93255
9593.44  12.87267
9594.68  13.87146
9595.92  13.40042
9597.16  13.58364
9598.40  14.03283
9599.65  13.66573
9600.89  14.60145
9602.13  15.24468
9603.37  14.65135
9604.61  15.01863
9605.85  15.12932
9607.09  15.74597
9608.33  16.00151
9609.57  15.38546
9610.81  16.34933
9612.05  16.5994
9613.30  16.66078
9614.54  17.39476
9615.78  16.83291
9617.02  17.06347
9618.26  17.78654
9619.50  18.41623
9620.74  19.3681
9621.98  18.8344
9623.22  19.3471
9624.46  20.72139
9625.70  20.1914
9626.94  20.54896
9628.19  21.34566
9629.43  21.83682
9630.67  22.14263
9631.91  22.39627
9633.15  23.65298
9634.39  23.99497
9635.63  24.14649
9636.87  25.42483
9638.11  25.5381
9639.35  26.89791
9640.59  27.84952
9641.84  27.8927
9643.08  29.50677
9644.32  31.43836
9645.56  34.6297
9646.80  37.58551
9648.04  40.29115
9649.28  45.75863
9650.52  53.00805
9651.76  64.75632
9653.00  84.87256
9654.24  136.9569
9655.49  354.2586
9656.73  641.6966
9657.97  787.123
9659.21  703.0904
9660.45  498.1975
9661.69  327.8429
9662.93  206.2057
9664.17  156.2183
9665.41  135.565
9666.65  114.1487
9667.89  89.1035
9669.13  67.00723
9670.38  52.13067
9671.62  44.55328
9672.86  38.78963
9674.10  34.34204
9675.34  30.88479
9676.58  28.76408
9677.82  29.08683
9679.06  27.67685
9680.30  26.27871
9681.54  24.99727
9682.78  23.97142
9684.03  24.99641
9685.27  23.95689
9686.51  22.32538
9687.75  22.17453
9688.99  21.24213
9690.23  21.95288
9691.47  21.77699
9692.71  20.19765
9693.95  19.94684
9695.19  19.54652
9696.43  19.67009
9697.67  18.99053
9698.92  18.48127
9700.16  18.51953
9701.40  17.44363
9702.64  18.05033
9703.88  18.06776
9705.12  16.82124
9706.36  16.51136
9707.60  15.99993
9708.84  16.17324
9710.08  16.14197
9711.32  15.11974
9712.57  15.19447
9713.81  14.99275
9715.05  14.53033
9716.29  14.86013
9717.53  14.35045
9718.77  14.27422
9720.01  14.4478
9721.25  13.5792
9722.49  13.86592
9723.73  13.25282
9724.97  12.60048
9726.21  12.92684
9727.46  12.78469
9728.70  13.328
9729.94  12.31391
9731.18  11.92788
9732.42  11.83812
9733.66  11.61888
9734.90  12.23392
9736.14  12.3747
9737.38  11.82581
9738.62  12.39715
9739.86  10.66499
9741.11  11.44308
9742.35  11.22738
9743.59  11.04087
9744.83  10.5615
9746.07  10.52744
9747.31  11.18895
9748.55  11.2208
9749.79  10.44283
9751.03  10.18842
9752.27  9.921332
9753.51  10.35993
9754.76  10.72919
9756.00  10.25968
9757.24  9.882117
9758.48  9.502408
9759.72  9.526648
9760.96  9.751132
9762.20  9.434613
9763.44  9.334599
9764.68  9.418957
9765.92  9.676674
9767.16  10.08059
9768.40  9.671389
9769.65  9.179994
9770.89  9.062905
9772.13  9.98832
9773.37  11.63439
9774.61  11.01019
9775.85  10.55225
9777.09  11.06928
9778.33  10.64556
9779.57  13.02225
9780.81  16.09708
9782.05  27.22817
9783.30  45.21057
9784.54  53.40613
9785.78  51.30822
9787.02  39.81581
9788.26  29.44105
9789.50  20.87182
9790.74  16.94747
9791.98  15.85859
9793.22  14.69302
9794.46  13.10981
9795.70  12.00042
9796.94  9.88121
9798.19  9.901643
9799.43  9.383968
9800.67  8.097726
9801.91  7.898813
9803.15  7.576492
9804.39  8.05683
9805.63  7.861566
9806.87  7.156078
9808.11  7.765841
9809.35  7.676709
9810.59  7.872142
9811.84  8.545221
9813.08  7.631724
9814.32  7.346224
9815.56  7.249859
9816.80  7.100244
9818.04  7.392964
9819.28  7.185062
9820.52  7.067443
9821.76  6.359678
9823.00  6.484438
9824.24  7.03974
9825.48  6.730852
9826.73  6.638949
9827.97  6.532046
9829.21  6.139601
9830.45  6.955415
9831.69  6.60951
9832.93  5.905295
9834.17  6.228689
9835.41  5.992093
9836.65  6.84458
9837.89  6.079749
9839.13  5.822222
9840.38  5.840845
9841.62  5.696663
9842.86  6.653669
9844.10  6.426787
9845.34  5.975969
9846.58  6.13439
9847.82  5.714465
9849.06  6.011633
9850.30  6.273695
9851.54  5.639463
9852.78  5.641442
9854.03  5.01817
9855.27  6.241452
9856.51  5.783226
9857.75  5.245679
9858.99  5.279895
9860.23  5.022536
9861.47  6.354463
9862.71  6.080097
9863.95  5.054621
9865.19  5.276429
9866.43  5.309219
9867.67  5.638594
9868.92  5.737401
9870.16  5.262193
9871.40  5.131649
9872.64  4.892371
9873.88  5.434746
9875.12  5.871256
9876.36  4.990002
9877.60  5.311393
9878.84  5.147754
9880.08  4.63383
9881.32  5.754576
9882.57  5.212674
9883.81  5.046119
9885.05  4.525915
9886.29  4.685575
9887.53  5.989672
9888.77  4.463757
9890.01  4.620965
9891.25  4.667377
9892.49  4.750349
9893.73  5.979895
9894.97  5.230932
9896.21  4.879862
9897.46  4.855555
9898.70  4.855106
9899.94  5.21393
9901.18  4.755953
9902.42  4.324594
9903.66  4.485254
9904.90  4.77122
9906.14  5.476651
9907.38  4.729506
9908.62  4.440215
9909.86  4.871373
9911.11  4.266077
9912.35  5.209191
9913.59  4.943059
9914.83  4.39742
9916.07  4.491897
9917.31  4.277619
9918.55  4.670696
9919.79  5.014137
9921.03  4.627737
9922.27  4.456342
9923.51  4.060834
9924.75  4.655867
9926.00  5.04272
9927.24  4.161736
9928.48  4.360217
9929.72  4.388755
9930.96  4.521241
9932.20  4.797115
9933.44  4.194061
9934.68  4.465704
9935.92  4.280955
9937.16  4.483582
9938.40  4.951455
9939.65  4.700418
9940.89  4.738238
9942.13  4.60309
9943.37  4.949527
9944.61  5.329145
9945.85  4.965117
9947.09  4.371953
9948.33  4.185519
9949.57  4.13989
9950.81  5.435347
9952.05  4.663176
9953.30  4.173413
9954.54  4.512888
9955.78  3.617139
9957.02  4.36351
9958.26  4.420575
9959.50  4.3404
9960.74  4.687216
9961.98  4.050638
9963.22  4.849008
9964.46  4.697021
9965.70  4.218979
9966.94  4.385716
9968.19  3.964421
9969.43  4.885377
9970.67  5.011194
9971.91  4.009765
9973.15  4.13826
9974.39  3.927856
9975.63  5.23537
9976.87  5.093867
9978.11  4.108327
9979.35  4.51049
9980.59  3.814131
9981.84  4.108481
9983.08  4.676353
9984.32  4.130024
9985.56  4.145006
9986.80  3.730497
9988.04  4.410826
9989.28  5.207736
9990.52  4.476611
9991.76  4.173985
9993.00  3.771178
9994.24  4.204171
9995.48  4.887969
9996.73  4.68083
9997.97  4.809309
9999.21  4.459364
10000.45  3.973583
10001.69  5.042784
10002.93  4.972227
10004.17  4.561598
10005.41  3.989912
10006.65  3.543401
10007.89  4.974005
10009.13  4.147369
10010.38  3.536985
10011.62  3.989526
10012.86  4.106794
10014.10  5.320317
10015.34  4.478518
10016.58  3.990631
10017.82  4.072206
10019.06  4.345907
10020.30  4.777067
10021.54  4.641498
10022.78  4.744083
10024.02  4.67438
10025.27  4.037203
10026.51  5.159506
10027.75  4.337988
10028.99  3.371781
10030.23  4.363638
10031.47  4.088337
10032.71  4.569261
10033.95  4.469231
10035.19  4.087087
10036.43  3.91092
10037.67  3.519375
10038.92  5.121353
10040.16  4.916713
10041.40  3.687523
10042.64  4.220347
10043.88  4.365292
10045.12  4.597171
10046.36  4.774436
10047.60  4.125036
10048.84  4.37117
10050.08  4.626963
10051.32  4.529922
10052.57  4.816227
10053.81  4.422645
10055.05  4.195171
10056.29  4.177575
10057.53  4.551404
10058.77  4.988269
10060.01  4.015749
10061.25  4.077813
10062.49  3.715061
10063.73  3.734645
10064.97  4.936815
10066.21  4.365564
10067.46  4.233063
10068.70  3.711185
10069.94  3.680573
10071.18  5.004204
10072.42  4.495181
10073.66  4.013793
10074.90  4.016628
10076.14  3.600528
10077.38  4.465796
10078.62  4.297178
10079.86  3.951326
10081.11  4.191538
10082.35  3.654977
10083.59  4.270291
10084.83  4.284642
10086.07  3.905922
10087.31  3.586867
10088.55  3.714174
10089.79  4.447151
10091.03  4.128042
10092.27  3.817031
10093.51  3.770394
10094.75  3.776463
10096.00  4.275472
10097.24  4.442902
10098.48  4.333525
10099.72  4.249174
10100.96  3.677015
10102.20  4.007743
10103.44  4.450294
10104.68  3.978075
10105.92  3.766696
10107.16  3.881731
10108.40  4.332479
10109.65  4.486861
10110.89  4.213302
10112.13  4.450245
10113.37  3.839637
10114.61  4.28931
10115.85  4.82686
10117.09  3.678116
10118.33  3.53738
10119.57  3.75965
10120.81  4.259367
10122.05  4.656678
10123.29  4.058734
10124.54  3.782639
10125.78  3.519535
10127.02  3.888121
10128.26  4.620134
10129.50  3.965403
10130.74  4.192382
10131.98  4.310459
10133.22  4.541164
10134.46  4.796756
10135.70  4.249979
10136.94  4.372585
10138.19  4.402078
10139.43  4.473331
10140.67  5.439291
10141.91  5.108205
10143.15  4.841439
10144.39  4.48091
10145.63  4.098814
10146.87  4.692106
10148.11  4.318067
10149.35  3.894594
10150.59  3.679285
10151.84  3.842229
10153.08  4.212832
10154.32  4.258918
10155.56  4.112207
10156.80  4.272523
10158.04  3.649543
10159.28  4.383459
10160.52  4.024732
10161.76  3.652541
10163.00  3.937848
10164.24  3.112737
10165.48  4.343684
10166.73  4.437417
10167.97  3.742522
10169.21  3.706273
10170.45  3.871906
10171.69  4.503244
10172.93  4.067479
10174.17  3.754804
10175.41  4.481679
10176.65  3.957523
10177.89  4.142431
10179.13  4.628627
10180.38  4.161342
10181.62  4.028219
10182.86  3.515173
10184.10  3.97398
10185.34  4.329515
10186.58  3.73536
10187.82  3.914871
10189.06  3.724749
10190.30  4.090388
10191.54  4.444475
10192.78  3.421197
10194.02  3.256702
10195.27  3.109156
10196.51  3.470856
10197.75  4.387156
10198.99  3.757741
10200.23  3.930625
10201.47  3.540542
10202.71  3.921394
10203.95  4.694755
10205.19  3.478664
10206.43  3.585854
10207.67  3.895782
10208.92  3.125155
10210.16  4.129793
10211.40  3.586977
10212.64  3.642812
10213.88  3.846042
10215.12  2.940913
10216.36  4.059127
10217.60  3.467844
10218.84  3.3404
10220.08  3.364352
10221.32  3.411448
10222.56  4.377676
10223.81  3.747895
10225.05  3.4862
10226.29  3.431392
10227.53  2.932327
10228.77  4.096867
10230.01  4.045925
10231.25  3.510781
10232.49  3.331615
10233.73  2.578367
10234.97  3.418931
10236.21  3.728515
10237.46  3.31257
10238.70  2.984785
10239.94  3.004779
10241.18  4.01433
10242.42  4.347274
