3947.46  5.285423
3948.70  4.164312
3949.94  4.507383
3951.18  4.610562
3952.42  4.142064
3953.67  4.413505
3954.91  4.065193
3956.15  4.370317
3957.39  5.075909
3958.63  3.538282
3959.87  5.557352
3961.11  6.829374
3962.35  5.165092
3963.59  5.027641
3964.83  4.090282
3966.07  4.555963
3967.32  4.556182
3968.56  5.561725
3969.80  4.471546
3971.04  4.285901
3972.28  4.403133
3973.52  4.336331
3974.76  5.88209
3976.00  4.821106
3977.24  4.705883
3978.48  4.735132
3979.72  4.688992
3980.96  5.659921
3982.21  4.73685
3983.45  4.866977
3984.69  5.097321
3985.93  6.076138
3987.17  6.042117
3988.41  5.000756
3989.65  4.99057
3990.89  4.910918
3992.13  5.846425
3993.37  6.08602
3994.61  5.392192
3995.86  5.806417
3997.10  5.410316
3998.34  5.730065
3999.58  5.730718
4000.82  5.282829
4002.06  5.743699
4003.30  5.427582
4004.54  6.390362
4005.78  5.769341
4007.02  5.255028
4008.26  5.477245
4009.50  5.969332
4010.75  6.300557
4011.99  5.041969
4013.23  5.300178
4014.47  5.177278
4015.71  5.142911
4016.95  5.875555
4018.19  4.403038
4019.43  4.861652
4020.67  4.806736
4021.91  4.556173
4023.15  5.13276
4024.40  4.477755
4025.64  5.361996
4026.88  5.083577
4028.12  6.331974
4029.36  6.852909
4030.60  5.644541
4031.84  5.290193
4033.08  4.4124
4034.32  4.973001
4035.56  5.146936
4036.80  3.630522
4038.05  4.472517
4039.29  4.12559
4040.53  4.702823
4041.77  5.134509
4043.01  4.344277
4044.25  4.559093
4045.49  4.957489
4046.73  6.070735
4047.97  5.416274
4049.21  4.842877
4050.45  4.748331
4051.69  4.396234
4052.94  5.392913
4054.18  4.301221
4055.42  4.096131
4056.66  3.692293
4057.90  4.580169
4059.14  5.323676
4060.38  3.956373
4061.62  3.938651
4062.86  4.38541
4064.10  4.496246
4065.34  5.198898
4066.59  3.986698
4067.83  4.369582
4069.07  4.469091
4070.31  4.433079
4071.55  5.32341
4072.79  4.433449
4074.03  4.42805
4075.27  4.168205
4076.51  4.926652
4077.75  4.923676
4078.99  4.000109
4080.23  4.271252
4081.48  4.20391
4082.72  4.958118
4083.96  4.884696
4085.20  4.237302
4086.44  4.606295
4087.68  4.335244
4088.92  5.170286
4090.16  4.555885
4091.40  5.198153
4092.64  4.966828
4093.88  5.219507
4095.13  5.805459
4096.37  4.783978
4097.61  4.879399
4098.85  4.301085
4100.09  4.897429
4101.33  5.271668
4102.57  4.188797
4103.81  4.533511
4105.05  4.829414
4106.29  4.189858
4107.53  5.085173
4108.77  4.117443
4110.02  3.937812
4111.26  4.293801
4112.50  5.210628
4113.74  5.439836
4114.98  4.405685
4116.22  4.248534
4117.46  4.300489
4118.70  4.800998
4119.94  4.850137
4121.18  4.183271
4122.42  5.204036
4123.67  5.093479
4124.91  5.209346
4126.15  4.932834
4127.39  4.045833
4128.63  4.378359
4129.87  4.301661
4131.11  4.858204
4132.35  4.783088
4133.59  4.314318
4134.83  4.261938
4136.07  4.598157
4137.32  5.372952
4138.56  4.31984
4139.80  4.668347
4141.04  4.318566
4142.28  4.395533
4143.52  5.634013
4144.76  4.309529
4146.00  4.372453
4147.24  4.700758
4148.48  4.783316
4149.72  5.15574
4150.96  4.863241
4152.21  4.408304
4153.45  4.71228
4154.69  4.876949
4155.93  5.412822
4157.17  4.079371
4158.41  4.568542
4159.65  4.468263
4160.89  4.800809
4162.13  5.693276
4163.37  4.005202
4164.61  4.544355
4165.86  4.367657
4167.10  4.798
4168.34  5.168694
4169.58  4.49816
4170.82  4.441487
4172.06  4.447953
4173.30  5.308852
4174.54  5.005549
4175.78  3.741308
4177.02  4.62
4178.26  4.660665
4179.50  4.924877
4180.75  4.668099
4181.99  4.194915
4183.23  4.408808
4184.47  4.817646
4185.71  5.548633
4186.95  4.872921
4188.19  4.045557
4189.43  5.046583
4190.67  5.02738
4191.91  5.815533
4193.15  4.14894
4194.40  4.451792
4195.64  4.517255
4196.88  4.216537
4198.12  5.427546
4199.36  4.165296
4200.60  4.856594
4201.84  4.824537
4203.08  4.615058
4204.32  5.064401
4205.56  4.407317
4206.80  4.866525
4208.04  4.841087
4209.29  4.640411
4210.53  4.899848
4211.77  4.189154
4213.01  3.970436
4214.25  4.214834
4215.49  5.053698
4216.73  5.389131
4217.97  4.239805
4219.21  5.061288
4220.45  4.255998
4221.69  4.470798
4222.94  4.804564
4224.18  4.252427
4225.42  4.775107
4226.66  4.658629
4227.90  4.553648
4229.14  4.643084
4230.38  3.869355
4231.62  4.320419
4232.86  4.076087
4234.10  4.836483
4235.34  4.844317
4236.59  4.10094
4237.83  4.847477
4239.07  5.054624
4240.31  5.303054
4241.55  4.739561
4242.79  4.630898
4244.03  4.818752
4245.27  5.380074
4246.51  5.460961
4247.75  4.485063
4248.99  4.577386
4250.23  4.914611
4251.48  5.22979
4252.72  5.26735
4253.96  4.73656
4255.20  4.557814
4256.44  4.632002
4257.68  4.664941
4258.92  5.27825
4260.16  4.662674
4261.40  4.774063
4262.64  4.893055
4263.88  5.09804
4265.13  5.424772
4266.37  4.257015
4267.61  4.668903
4268.85  5.042567
4270.09  4.973542
4271.33  5.566516
4272.57  4.399597
4273.81  4.823981
4275.05  4.50917
4276.29  6.004341
4277.53  5.60011
4278.77  4.695757
4280.02  5.256462
4281.26  5.45126
4282.50  5.676279
4283.74  5.127685
4284.98  3.971591
4286.22  4.269017
4287.46  4.860272
4288.70  5.699197
4289.94  5.584761
4291.18  4.576971
4292.42  4.613483
4293.67  4.12912
4294.91  5.244816
4296.15  5.079562
4297.39  4.02339
4298.63  4.173716
4299.87  4.218595
4301.11  5.253842
4302.35  4.874602
4303.59  4.674248
4304.83  4.958683
4306.07  4.866924
4307.31  5.691772
4308.56  4.711598
4309.80  4.656073
4311.04  4.597972
4312.28  4.873935
4313.52  5.772958
4314.76  4.649041
4316.00  4.857985
4317.24  5.105227
4318.48  5.075167
4319.72  5.654109
4320.96  5.013262
4322.21  5.168708
4323.45  5.078439
4324.69  5.64213
4325.93  6.129411
4327.17  5.092769
4328.41  5.004746
4329.65  4.683438
4330.89  5.05092
4332.13  5.109753
4333.37  3.94886
4334.61  4.685193
4335.85  4.634296
4337.10  5.185391
4338.34  5.422764
4339.58  4.600253
4340.82  5.272137
4342.06  4.825233
4343.30  5.167383
4344.54  5.798146
4345.78  4.816395
4347.02  4.817858
4348.26  4.511167
4349.50  4.908656
4350.75  5.521971
4351.99  4.44657
4353.23  5.061582
4354.47  4.742275
4355.71  5.262227
4356.95  5.084481
4358.19  4.610861
4359.43  5.374233
4360.67  5.26399
4361.91  5.561567
4363.15  4.8698
4364.40  4.187763
4365.64  4.7043
4366.88  4.896428
4368.12  5.49764
4369.36  4.928942
4370.60  4.553672
4371.84  5.071058
4373.08  4.510704
4374.32  5.494728
4375.56  4.978746
4376.80  4.266361
4378.04  4.819771
4379.29  4.503083
4380.53  5.5935
4381.77  5.179485
4383.01  4.732658
4384.25  4.539112
4385.49  4.455477
4386.73  5.777746
4387.97  4.972916
4389.21  4.530181
4390.45  5.065577
4391.69  4.875368
4392.94  5.449669
4394.18  4.561962
4395.42  4.527891
4396.66  4.811783
4397.90  4.912201
4399.14  5.500029
4400.38  4.671979
4401.62  4.856186
4402.86  5.915005
4404.10  6.387569
4405.34  8.237267
4406.58  7.868413
4407.83  9.73186
4409.07  10.65857
4410.31  11.21467
4411.55  10.14218
4412.79  7.272048
4414.03  6.951522
4415.27  6.335892
4416.51  6.111862
4417.75  6.412563
4418.99  5.426267
4420.23  5.776288
4421.48  5.302385
4422.72  6.00834
4423.96  6.111996
4425.20  5.099399
4426.44  5.287726
4427.68  4.571599
4428.92  5.108964
4430.16  5.972049
4431.40  4.948059
4432.64  5.368989
4433.88  4.839302
4435.12  5.798208
4436.37  5.532348
4437.61  4.755829
4438.85  4.975525
4440.09  4.353952
4441.33  5.547134
4442.57  5.788595
4443.81  4.824893
4445.05  5.048496
4446.29  4.627352
4447.53  5.295762
4448.77  5.577223
4450.02  5.008563
4451.26  5.318521
4452.50  5.19384
4453.74  5.232812
4454.98  5.073939
4456.22  5.033818
4457.46  5.295825
4458.70  4.884712
4459.94  5.668425
4461.18  5.444013
4462.42  4.82341
4463.67  5.057884
4464.91  5.027895
4466.15  5.901777
4467.39  4.940372
4468.63  4.992805
4469.87  5.026378
4471.11  4.536832
4472.35  6.467609
4473.59  5.653545
4474.83  4.979764
4476.07  5.414802
4477.31  5.078774
4478.56  6.017149
4479.80  4.721793
4481.04  5.046876
4482.28  4.783402
4483.52  4.995798
4484.76  6.27274
4486.00  4.923308
4487.24  5.116185
4488.48  4.954193
4489.72  5.14881
4490.96  5.921412
4492.21  4.582308
4493.45  4.596156
4494.69  4.808247
4495.93  4.923925
4497.17  5.793051
4498.41  4.337348
4499.65  4.750315
4500.89  5.087625
4502.13  5.401705
4503.37  5.757751
4504.61  4.605406
4505.85  4.904999
4507.10  5.062893
4508.34  5.062041
4509.58  6.492016
4510.82  4.81934
4512.06  4.777727
4513.30  4.683714
4514.54  4.989522
4515.78  6.1173
4517.02  4.913795
4518.26  5.184017
4519.50  4.962709
4520.75  4.919979
4521.99  5.580675
4523.23  4.819685
4524.47  5.647665
4525.71  5.046506
4526.95  5.307168
4528.19  5.717555
4529.43  4.670239
4530.67  5.625791
4531.91  4.767111
4533.15  5.398135
4534.39  6.12772
4535.64  5.077778
4536.88  5.848217
4538.12  5.509817
4539.36  5.989614
4540.60  5.621798
4541.84  5.004921
4543.08  5.339713
4544.32  4.759129
4545.56  5.521287
4546.80  6.397282
4548.04  5.350142
4549.29  5.443011
4550.53  4.945345
4551.77  5.616997
4553.01  5.489441
4554.25  4.670072
4555.49  5.278968
4556.73  5.229008
4557.97  6.304506
4559.21  5.733464
4560.45  4.413693
4561.69  4.954515
4562.94  5.453729
4564.18  6.013958
4565.42  5.571585
4566.66  4.875302
4567.90  5.254237
4569.14  5.095287
4570.38  5.689157
4571.62  5.489037
4572.86  4.708495
4574.10  4.915552
4575.34  5.105594
4576.58  5.876102
4577.83  5.432197
4579.07  4.971265
4580.31  5.64646
4581.55  5.202468
4582.79  5.583689
4584.03  5.659185
4585.27  4.887891
4586.51  5.4205
4587.75  5.532503
4588.99  5.724515
4590.23  5.283928
4591.48  5.369304
4592.72  5.598365
4593.96  5.232653
4595.20  6.155374
4596.44  5.623549
4597.68  5.338488
4598.92  5.763778
4600.16  5.365177
4601.40  5.718268
4602.64  4.957416
4603.88  4.703813
4605.12  5.091441
4606.37  5.178648
4607.61  5.965785
4608.85  5.775252
4610.09  5.681509
4611.33  5.446081
4612.57  5.875105
4613.81  6.445566
4615.05  5.767418
4616.29  5.813653
4617.53  6.152535
4618.77  5.888313
4620.02  7.0498
4621.26  6.41925
4622.50  6.380886
4623.74  6.692348
4624.98  6.428716
4626.22  7.005064
4627.46  5.943315
4628.70  6.023837
4629.94  5.956832
4631.18  5.44486
4632.42  6.021475
4633.66  5.560008
4634.91  5.662742
4636.15  5.292981
4637.39  5.105536
4638.63  6.00708
4639.87  4.939248
4641.11  5.342352
4642.35  5.528269
4643.59  5.475698
4644.83  6.085645
4646.07  4.978634
4647.31  5.34116
4648.56  5.744071
4649.80  5.224752
4651.04  6.008383
4652.28  4.889183
4653.52  5.100382
4654.76  5.959108
4656.00  6.547411
4657.24  7.158588
4658.48  5.609841
4659.72  5.859407
4660.96  5.755273
4662.21  5.905731
4663.45  6.430255
4664.69  5.274808
4665.93  5.844728
4667.17  5.451594
4668.41  5.59618
4669.65  5.966595
4670.89  4.563053
4672.13  5.067985
4673.37  5.264243
4674.61  5.602938
4675.85  5.997622
4677.10  4.897113
4678.34  5.613282
4679.58  5.197836
4680.82  5.573309
4682.06  5.936142
4683.30  5.290707
4684.54  5.290091
4685.78  5.153264
4687.02  5.771937
4688.26  5.746543
4689.50  5.010935
4690.75  5.318527
4691.99  5.019878
4693.23  5.670462
4694.47  5.168187
4695.71  4.383224
4696.95  4.758385
4698.19  5.101455
4699.43  5.557199
4700.67  5.64272
4701.91  5.880103
4703.15  7.1274
4704.39  7.310877
4705.64  7.271537
4706.88  7.888673
4708.12  7.534389
4709.36  8.4088
4710.60  7.332808
4711.84  6.651204
4713.08  7.063692
4714.32  5.969777
4715.56  7.211346
4716.80  6.422349
4718.04  5.705755
4719.29  6.167428
4720.53  5.091889
4721.77  5.399015
4723.01  5.274904
4724.25  5.293537
4725.49  5.698804
4726.73  4.46727
4727.97  4.58823
4729.21  5.576818
4730.45  6.176102
4731.69  5.312634
4732.93  4.608002
4734.18  5.133026
4735.42  5.572464
4736.66  6.056597
4737.90  6.162793
4739.14  5.09602
4740.38  5.042069
4741.62  5.362839
4742.86  5.469925
4744.10  5.696433
4745.34  5.040781
4746.58  5.827739
4747.83  6.193181
4749.07  6.892313
4750.31  7.08789
4751.55  6.183654
4752.79  6.648421
4754.03  6.414414
4755.27  6.594603
4756.51  6.488207
4757.75  5.511201
4758.99  5.687861
4760.23  5.933723
4761.48  6.266954
4762.72  5.633939
4763.96  5.217532
4765.20  5.745821
4766.44  5.33168
4767.68  5.196348
4768.92  5.33949
4770.16  4.428518
4771.40  5.110449
4772.64  4.673225
4773.88  5.451598
4775.12  5.800582
4776.37  4.937818
4777.61  5.160223
4778.85  4.594533
4780.09  5.39094
4781.33  5.642406
4782.57  5.008327
4783.81  5.823732
4785.05  5.337624
4786.29  5.753631
4787.53  6.592844
4788.77  5.529951
4790.02  5.71894
4791.26  5.496866
4792.50  6.095391
4793.74  6.104167
4794.98  5.000293
4796.22  5.182978
4797.46  4.844103
4798.70  5.732979
4799.94  5.89733
4801.18  4.694588
4802.42  5.094751
4803.66  5.269795
4804.91  5.718641
4806.15  5.606532
4807.39  5.289977
4808.63  5.654061
4809.87  5.227291
4811.11  5.410187
4812.35  5.959012
4813.59  5.631083
4814.83  5.820069
4816.07  5.83291
4817.31  6.624415
4818.56  7.112159
4819.80  5.532469
4821.04  5.468838
4822.28  4.991909
4823.52  5.952827
4824.76  6.043945
4826.00  5.405982
4827.24  5.959208
4828.48  5.444736
4829.72  5.786839
4830.96  5.926799
4832.20  5.105433
4833.45  4.799975
4834.69  5.31153
4835.93  6.369741
4837.17  6.380156
4838.41  5.380035
4839.65  5.860888
4840.89  5.208837
4842.13  5.463131
4843.37  5.869199
4844.61  4.962078
4845.85  5.315065
4847.10  5.632725
4848.34  5.646603
4849.58  5.541296
4850.82  5.268474
4852.06  5.707446
4853.30  4.808434
4854.54  5.768593
4855.78  6.167082
4857.02  4.541887
4858.26  5.11804
4859.50  5.791965
4860.75  6.340197
4861.99  6.192696
4863.23  5.115434
4864.47  6.047194
4865.71  5.794124
4866.95  6.232053
4868.19  6.011976
4869.43  4.720409
4870.67  5.449156
4871.91  4.838751
4873.15  5.713183
4874.39  5.468419
4875.64  4.709383
4876.88  5.372651
4878.12  4.866796
4879.36  5.66806
4880.60  5.777444
4881.84  4.825937
4883.08  5.563684
4884.32  5.340216
4885.56  6.168653
4886.80  6.214215
4888.04  5.016356
4889.29  5.530823
4890.53  5.20986
4891.77  6.255391
4893.01  6.860545
4894.25  5.13776
4895.49  5.235146
4896.73  5.478296
4897.97  6.204334
4899.21  6.022117
4900.45  5.39997
4901.69  5.629756
4902.93  5.557779
4904.18  6.227297
4905.42  6.004628
4906.66  4.99483
4907.90  5.530417
4909.14  5.473885
4910.38  5.76399
4911.62  5.827684
4912.86  4.901031
4914.10  5.595646
4915.34  5.130095
4916.58  5.941845
4917.83  6.0676
4919.07  5.172165
4920.31  5.667528
4921.55  5.492867
4922.79  5.53823
4924.03  5.588785
4925.27  4.606747
4926.51  5.003809
4927.75  4.908416
4928.99  6.143057
4930.23  6.254179
4931.47  4.830029
4932.72  5.45382
4933.96  5.157516
4935.20  5.640474
4936.44  6.254066
4937.68  5.25396
4938.92  5.345214
4940.16  5.584304
4941.40  5.952179
4942.64  5.362959
4943.88  4.884862
4945.12  5.880175
4946.37  4.904578
4947.61  5.666642
4948.85  6.254391
4950.09  4.733157
4951.33  5.631447
4952.57  5.077307
4953.81  6.080672
4955.05  7.001335
4956.29  6.3481
4957.53  6.420249
4958.77  5.810802
4960.01  6.41669
4961.26  6.349526
4962.50  4.895844
4963.74  5.115172
4964.98  5.416634
4966.22  5.82584
4967.46  5.979313
4968.70  4.732408
4969.94  5.6202
4971.18  5.689412
4972.42  6.190117
4973.66  6.131201
4974.91  4.602059
4976.15  4.858307
4977.39  4.99273
4978.63  6.060151
4979.87  6.542752
4981.11  5.009084
4982.35  5.505325
4983.59  5.107047
4984.83  5.512549
4986.07  6.029459
4987.31  5.271939
4988.56  5.712152
4989.80  5.922465
4991.04  6.228544
4992.28  6.694612
4993.52  5.098688
4994.76  5.38572
4996.00  5.510375
4997.24  6.101497
4998.48  6.580879
4999.72  4.82518
5000.96  5.40103
5002.20  5.92839
5003.45  5.603732
5004.69  6.860349
5005.93  5.432592
5007.17  5.546735
5008.41  5.508489
5009.65  5.294133
5010.89  6.212319
5012.13  5.176423
5013.37  5.308362
5014.61  5.337061
5015.85  5.407903
5017.10  5.80377
5018.34  4.9097
5019.58  5.58986
5020.82  5.620596
5022.06  5.571571
5023.30  5.85147
5024.54  5.350493
5025.78  5.505384
5027.02  5.282825
5028.26  6.448814
5029.50  7.808644
5030.74  7.936381
5031.99  8.330524
5033.23  6.773398
5034.47  8.074399
5035.71  12.48061
5036.95  15.57774
5038.19  17.10803
5039.43  12.47281
5040.67  8.100626
5041.91  7.574827
5043.15  5.108964
5044.39  5.55466
5045.64  6.125956
5046.88  5.254385
5048.12  6.556667
5049.36  5.170382
5050.60  5.121553
5051.84  5.385758
5053.08  5.935111
5054.32  6.518271
5055.56  5.252494
5056.80  5.179644
5058.04  5.222434
5059.28  5.388011
5060.53  6.138629
5061.77  4.948503
5063.01  6.111598
5064.25  4.945724
5065.49  5.395705
5066.73  6.382978
5067.97  5.157959
5069.21  5.631917
5070.45  5.639217
5071.69  6.101332
5072.93  8.107374
5074.18  7.759174
5075.42  7.982227
5076.66  6.8548
5077.90  8.557785
5079.14  11.98608
5080.38  12.00535
5081.62  10.94506
5082.86  7.979928
5084.10  6.642158
5085.34  6.895564
5086.58  5.261119
5087.83  5.881562
5089.07  5.33068
5090.31  5.457469
5091.55  6.895673
5092.79  5.799042
5094.03  5.977707
5095.27  6.119
5096.51  6.209574
5097.75  7.328619
5098.99  6.089133
5100.23  5.700161
5101.47  6.056624
5102.72  6.822069
5103.96  6.873454
5105.20  6.260973
5106.44  6.500337
5107.68  6.485427
5108.92  6.011718
5110.16  6.744364
5111.40  6.78471
5112.64  8.641313
5113.88  11.29531
5115.12  15.75463
5116.37  18.83836
5117.61  15.92231
5118.85  10.74687
5120.09  13.03708
5121.33  11.23347
5122.57  9.052536
5123.81  7.781691
5125.05  7.578412
5126.29  6.406552
5127.53  6.007992
5128.77  7.261959
5130.01  6.348449
5131.26  6.069545
5132.50  6.285441
5133.74  6.391733
5134.98  7.355597
5136.22  6.45104
5137.46  6.669605
5138.70  7.260216
5139.94  6.797085
5141.18  7.788794
5142.42  8.684355
5143.66  10.30071
5144.91  11.47244
5146.15  10.14722
5147.39  9.193089
5148.63  7.849654
5149.87  7.451334
5151.11  8.189104
5152.35  8.964561
5153.59  9.264957
5154.83  8.163703
5156.07  7.331647
5157.31  7.231622
5158.55  6.774674
5159.80  7.124666
5161.04  6.747309
5162.28  6.155813
5163.52  6.256538
5164.76  5.916912
5166.00  6.597182
5167.24  6.32667
5168.48  5.315987
5169.72  5.351992
5170.96  5.848081
5172.20  6.534359
5173.45  6.088754
5174.69  5.62224
5175.93  5.881607
5177.17  5.959188
5178.41  6.922358
5179.65  6.581576
5180.89  5.695457
5182.13  6.100735
5183.37  5.803819
5184.61  5.790221
5185.85  6.417281
5187.10  9.75556
5188.34  14.88108
5189.58  9.207294
5190.82  7.827747
5192.06  8.246012
5193.30  7.360107
5194.54  7.334421
5195.78  7.539347
5197.02  5.985153
5198.26  6.42015
5199.50  5.430993
5200.74  6.311788
5201.99  7.264728
5203.23  9.3625
5204.47  9.606426
5205.71  8.022669
5206.95  7.381613
5208.19  7.251321
5209.43  7.682037
5210.67  7.594044
5211.91  6.375129
5213.15  5.943429
5214.39  5.763121
5215.64  5.625428
5216.88  5.852194
5218.12  6.313685
5219.36  6.423427
5220.60  6.652623
5221.84  7.445596
5223.08  7.169596
5224.32  6.170155
5225.56  5.760923
5226.80  5.269056
5228.04  5.601394
5229.28  5.583756
5230.53  5.587563
5231.77  5.837583
5233.01  6.026717
5234.25  6.184057
5235.49  5.37389
5236.73  5.516313
5237.97  5.389925
5239.21  5.174663
5240.45  5.364548
5241.69  4.676241
5242.93  4.910471
5244.18  4.875964
5245.42  5.093748
5246.66  5.418352
5247.90  5.279138
5249.14  5.725562
5250.38  5.516314
5251.62  5.161187
5252.86  5.315193
5254.10  4.841414
5255.34  5.52893
5256.58  4.988103
5257.82  5.071542
5259.07  5.504651
5260.31  4.930511
5261.55  5.685603
5262.79  5.203481
5264.03  5.50598
5265.27  6.050829
5266.51  5.131285
5267.75  5.567445
5268.99  5.272796
5270.23  5.254201
5271.47  5.932186
5272.72  5.102542
5273.96  5.783625
5275.20  5.615538
5276.44  5.182673
5277.68  5.528439
5278.92  5.332849
5280.16  5.757242
5281.40  5.668
5282.64  5.525474
5283.88  5.514587
5285.12  4.76861
5286.37  5.643791
5287.61  5.683711
5288.85  5.4088
5290.09  5.209502
5291.33  4.76754
5292.57  5.490644
5293.81  5.571919
5295.05  6.00423
5296.29  6.121902
5297.53  6.29629
5298.77  6.930695
5300.01  6.451061
5301.26  6.295807
5302.50  6.073269
5303.74  5.71577
5304.98  5.98498
5306.22  5.972083
5307.46  6.061658
5308.70  5.719337
5309.94  5.061743
5311.18  5.389368
5312.42  5.564807
5313.66  5.606255
5314.91  5.403967
5316.15  5.164029
5317.39  5.523065
5318.63  5.798779
5319.87  5.764415
5321.11  5.798702
5322.35  5.723549
5323.59  6.522469
5324.83  8.415126
5326.07  10.82056
5327.31  13.29595
5328.55  20.15324
5329.80  29.98655
5331.04  34.13459
5332.28  27.7646
5333.52  17.28249
5334.76  12.19953
5336.00  10.7768
5337.24  11.89392
5338.48  17.32045
5339.72  26.48601
5340.96  35.38311
5342.20  36.67178
5343.45  29.73166
5344.69  19.80443
5345.93  12.43364
5347.17  8.426748
5348.41  6.446795
5349.65  6.749548
5350.89  6.450562
5352.13  5.735301
5353.37  5.608891
5354.61  6.304934
5355.85  6.896406
5357.09  6.774564
5358.34  6.124204
5359.58  6.191143
5360.82  6.250153
5362.06  6.523093
5363.30  6.363178
5364.54  5.706491
5365.78  5.599977
5367.02  5.523982
5368.26  6.203477
5369.50  5.973267
5370.74  5.795755
5371.99  6.30213
5373.23  6.014678
5374.47  6.703311
5375.71  6.209422
5376.95  5.833699
5378.19  6.436111
5379.43  5.906003
5380.67  6.538529
5381.91  5.855431
5383.15  5.187783
5384.39  5.750288
5385.64  5.401951
5386.88  6.086328
5388.12  5.820972
5389.36  5.496018
5390.60  6.2166
5391.84  6.106562
5393.08  6.901711
5394.32  7.914588
5395.56  11.22848
5396.80  17.72895
5398.04  30.68787
5399.28  54.74415
5400.53  67.75027
5401.77  58.78639
5403.01  35.02906
5404.25  18.45847
5405.49  12.60724
5406.73  8.221606
5407.97  5.88685
5409.21  5.882594
5410.45  5.802536
5411.69  6.573747
5412.93  6.115704
5414.18  5.854107
5415.42  5.941409
5416.66  5.670273
5417.90  6.850894
5419.14  6.117881
5420.38  5.502468
5421.62  5.428799
5422.86  5.631121
5424.10  6.274799
5425.34  5.673627
5426.58  5.282845
5427.82  5.469193
5429.07  5.779173
5430.31  6.842779
5431.55  6.570997
5432.79  6.246032
5434.03  6.480245
5435.27  6.30925
5436.51  6.760445
5437.75  6.093139
5438.99  5.947423
5440.23  5.842835
5441.47  5.550921
5442.72  6.181778
5443.96  5.734976
5445.20  5.661633
5446.44  6.215547
5447.68  6.357783
5448.92  6.92668
5450.16  6.382994
5451.40  5.828443
5452.64  5.565475
5453.88  5.670276
5455.12  6.185744
5456.36  5.683735
5457.61  5.569809
5458.85  5.94084
5460.09  6.031752
5461.33  6.152467
5462.57  5.82185
5463.81  5.666357
5465.05  5.725839
5466.29  5.802268
5467.53  6.140022
5468.77  6.138793
5470.01  5.804398
5471.26  5.722804
5472.50  5.63362
5473.74  6.009969
5474.98  5.960313
5476.22  6.011417
5477.46  6.077237
5478.70  6.378992
5479.94  6.166639
5481.18  6.097455
5482.42  5.93162
5483.66  5.41052
5484.91  5.821514
5486.15  6.026544
5487.39  5.692924
5488.63  5.707922
5489.87  5.830301
5491.11  6.073059
5492.35  6.351116
5493.59  6.3481
5494.83  6.515701
5496.07  5.975077
5497.31  7.551458
5498.55  11.72987
5499.80  9.001651
5501.04  6.207607
5502.28  6.264104
5503.52  6.462528
5504.76  6.563666
5506.00  6.801405
5507.24  6.753705
5508.48  6.67522
5509.72  6.687979
5510.96  6.799422
5512.20  6.764921
5513.45  6.936863
5514.69  6.283965
5515.93  6.488341
5517.17  6.200959
5518.41  6.608314
5519.65  6.56149
5520.89  5.998888
5522.13  6.021968
5523.37  6.308177
5524.61  6.194843
5525.85  6.448229
5527.09  6.646182
5528.34  6.931407
5529.58  6.524774
5530.82  6.799053
5532.06  6.935339
5533.30  6.810994
5534.54  7.234034
5535.78  6.932114
5537.02  7.09714
5538.26  7.237909
5539.50  6.802135
5540.74  6.845687
5541.99  6.372857
5543.23  6.612538
5544.47  6.849376
5545.71  6.608409
5546.95  6.668067
5548.19  6.347704
5549.43  6.730772
5550.67  6.864943
5551.91  6.337001
5553.15  6.755609
5554.39  6.663778
5555.63  6.646817
5556.88  7.032369
5558.12  7.355063
5559.36  8.60449
5560.60  10.26811
5561.84  12.84315
5563.08  14.26851
5564.32  12.69935
5565.56  10.43288
5566.80  8.372629
5568.04  7.650829
5569.28  7.145044
5570.53  6.635322
5571.77  7.498994
5573.01  6.992105
5574.25  6.319949
5575.49  6.441947
5576.73  6.277213
5577.97  6.843832
5579.21  6.450909
5580.45  6.500569
5581.69  6.867176
5582.93  6.558105
5584.17  7.131765
5585.42  6.635367
5586.66  6.364346
5587.90  6.901949
5589.14  6.840699
5590.38  7.094896
5591.62  6.647424
5592.86  6.441891
5594.10  7.084503
5595.34  6.846871
5596.58  7.377286
5597.82  6.785426
5599.07  6.457846
5600.31  6.857383
5601.55  6.845891
5602.79  6.886163
5604.03  6.446147
5605.27  6.676521
5606.51  7.161293
5607.75  6.783369
5608.99  7.112571
5610.23  6.953079
5611.47  6.495052
5612.72  7.077763
5613.96  7.06214
5615.20  7.275655
5616.44  6.821507
5617.68  6.612254
5618.92  7.253199
5620.16  7.021126
5621.40  7.520669
5622.64  6.771026
5623.88  6.461277
5625.12  7.095242
5626.36  6.711824
5627.61  7.191725
5628.85  6.981101
5630.09  6.687935
5631.33  7.13297
5632.57  6.852078
5633.81  7.010014
5635.05  6.615591
5636.29  6.629105
5637.53  7.18488
5638.77  7.094705
5640.01  7.47042
5641.26  7.028469
5642.50  6.71106
5643.74  7.334981
5644.98  7.577575
5646.22  7.450637
5647.46  6.978325
5648.70  7.073903
5649.94  8.177542
5651.18  9.315479
5652.42  11.14213
5653.66  13.00062
5654.90  17.36023
5656.15  21.5914
5657.39  20.58432
5658.63  16.19947
5659.87  11.91563
5661.11  10.91048
5662.35  11.27226
5663.59  10.54791
5664.83  9.357611
5666.07  8.06216
5667.31  7.922735
5668.55  8.372392
5669.80  8.600889
5671.04  8.128181
5672.28  7.272367
5673.52  7.186771
5674.76  7.443663
5676.00  7.479419
5677.24  7.618144
5678.48  7.264656
5679.72  7.010747
5680.96  7.156194
5682.20  7.617472
5683.44  8.247705
5684.69  7.908257
5685.93  8.667956
5687.17  10.84064
5688.41  14.64194
5689.65  17.14281
5690.89  14.97613
5692.13  11.79525
5693.37  9.506985
5694.61  9.200115
5695.85  8.797221
5697.09  7.863313
5698.34  7.813746
5699.58  7.855539
5700.82  8.244211
5702.06  8.295868
5703.30  7.788721
5704.54  7.994014
5705.78  7.935833
5707.02  8.253139
5708.26  8.603971
5709.50  8.286118
5710.74  7.989497
5711.99  7.96254
5713.23  8.624365
5714.47  9.354799
5715.71  9.785626
5716.95  11.97418
5718.19  15.31652
5719.43  16.92797
5720.67  15.85384
5721.91  11.45827
5723.15  9.985064
5724.39  9.323111
5725.63  9.129605
5726.88  9.292725
5728.12  8.62606
5729.36  8.607703
5730.60  8.408984
5731.84  8.952847
5733.08  9.1175
5734.32  8.513597
5735.56  8.937832
5736.80  8.852734
5738.04  9.137997
5739.28  9.587656
5740.53  9.388672
5741.77  9.914959
5743.01  10.317
5744.25  13.53953
5745.49  19.90185
5746.73  31.32983
5747.97  40.52306
5749.21  37.956
5750.45  27.31814
5751.69  18.39889
5752.93  14.04291
5754.17  12.01918
5755.42  12.12346
5756.66  13.08413
5757.90  14.29204
5759.14  18.55386
5760.38  30.21962
5761.62  60.82234
5762.86  115.7149
5764.10  152.8831
5765.34  135.5204
5766.58  86.0569
5767.82  44.6748
5769.07  29.95241
5770.31  22.57708
5771.55  18.36664
5772.79  16.62595
5774.03  14.34001
5775.27  12.62311
5776.51  11.34457
5777.75  10.01429
5778.99  10.35437
5780.23  10.51608
5781.47  10.8732
5782.71  11.16168
5783.96  10.44739
5785.20  10.90455
5786.44  10.24039
5787.68  10.76079
5788.92  12.06151
5790.16  11.30204
5791.40  11.11209
5792.64  11.20452
5793.88  11.42052
5795.12  12.23159
5796.36  11.28337
5797.61  11.80374
5798.85  11.99641
5800.09  13.764
5801.33  18.94199
5802.57  27.06735
5803.81  36.14891
5805.05  36.51731
5806.29  28.49575
5807.53  21.29502
5808.77  18.06796
5810.01  18.1057
5811.26  18.27449
5812.50  18.42096
5813.74  18.03037
5814.98  17.66213
5816.22  24.51345
5817.46  44.13186
5818.70  77.41866
5819.94  97.14563
5821.18  85.95911
5822.42  54.71711
5823.66  33.96627
5824.90  24.7086
5826.15  22.10777
5827.39  20.21603
5828.63  19.21509
5829.87  18.14043
5831.11  16.78466
5832.35  17.08226
5833.59  16.8594
5834.83  16.81722
5836.07  17.84901
5837.31  18.95098
5838.55  23.48713
5839.80  29.23653
5841.04  34.68866
5842.28  42.04707
5843.52  55.23326
5844.76  80.38787
5846.00  116.2465
5847.24  208.0241
5848.48  587.4449
5849.72  1851.148
5850.96  4206.239
5852.20  5612.313
5853.44  4994.971
5854.69  2875.646
5855.93  1372.535
5857.17  749.116
5858.41  425.7266
5859.65  280.099
5860.89  198.8792
5862.13  122.3935
5863.37  74.11621
5864.61  49.58973
5865.85  35.40186
5867.09  28.94003
5868.34  29.94744
5869.58  36.71115
5870.82  48.34411
5872.06  62.4364
5873.30  69.75188
5874.54  72.46253
5875.78  84.32072
5877.02  136.7694
5878.26  411.0014
5879.50  1255.614
5880.74  2458.174
5881.98  2876.953
5883.23  2231.512
5884.47  1161.237
5885.71  567.497
5886.95  326.9854
5888.19  192.3115
5889.43  139.3772
5890.67  99.42204
5891.91  64.17702
5893.15  41.90775
5894.39  31.38417
5895.63  24.89403
5896.88  21.88517
5898.12  23.11268
5899.36  33.53971
5900.60  59.12714
5901.84  81.2825
5903.08  84.98138
5904.32  74.30344
5905.56  65.24593
5906.80  59.70261
5908.04  46.25664
5909.28  32.41978
5910.53  28.43496
5911.77  30.06233
5913.01  32.6147
5914.25  32.22155
5915.49  27.86214
5916.73  26.70352
5917.97  28.76246
5919.21  29.61889
5920.45  26.32743
5921.69  21.83336
5922.93  19.88433
5924.17  18.79508
5925.42  18.98839
5926.66  19.45569
5927.90  19.06159
5929.14  20.11054
5930.38  22.24653
5931.62  27.07321
5932.86  33.35747
5934.10  38.67265
5935.34  46.69783
5936.58  61.76802
5937.82  86.76374
5939.07  127.8688
5940.31  253.809
5941.55  911.7029
5942.79  2874.476
5944.03  4840.713
5945.27  5073.664
5946.51  3424.381
5947.75  1659.908
5948.99  878.5351
5950.23  503.8511
5951.47  303.7109
5952.71  229.8325
5953.96  156.8078
5955.20  97.26833
5956.44  63.81055
5957.68  44.30441
5958.92  33.54526
5960.16  31.21877
5961.40  31.78186
5962.64  37.45139
5963.88  49.51455
5965.12  58.41148
5966.36  57.33799
5967.61  49.55867
5968.85  48.08381
5970.09  59.35358
5971.33  107.2878
5972.57  382.3837
5973.81  968.7716
5975.05  1429.343
5976.29  1305.666
5977.53  802.89
5978.77  375.3922
5980.01  225.643
5981.25  129.2038
5982.50  91.11887
5983.74  72.82569
5984.98  58.3936
5986.22  53.9538
5987.46  54.40886
5988.70  49.84362
5989.94  42.28712
5991.18  37.45007
5992.42  33.20153
5993.66  26.59059
5994.90  23.09137
5996.15  20.79797
5997.39  19.57987
5998.63  21.04128
5999.87  23.66394
6001.11  24.06544
6002.35  22.07831
6003.59  20.21343
6004.83  19.12629
6006.07  18.72142
6007.31  18.92778
6008.55  18.67534
6009.80  18.64627
6011.04  18.6571
6012.28  18.88906
6013.52  19.1376
6014.76  19.37974
6016.00  19.77547
6017.24  21.62829
6018.48  22.93226
6019.72  24.82389
6020.96  27.82175
6022.20  33.32053
6023.44  41.94265
6024.69  55.19878
6025.93  112.4022
6027.17  428.4534
6028.41  1149.086
6029.65  1608.558
6030.89  1445.571
6032.13  821.5383
6033.37  403.6932
6034.61  242.2477
6035.85  137.7582
6037.09  98.96951
6038.34  79.37723
6039.58  59.53949
6040.82  42.78208
6042.06  33.94077
6043.30  29.00276
6044.54  26.59403
6045.78  24.98416
6047.02  23.6067
6048.26  22.78251
6049.50  22.64264
6050.74  23.23473
6051.98  23.52109
6053.23  23.2913
6054.47  23.32569
6055.71  23.88498
6056.95  24.6249
6058.19  24.96514
6059.43  26.23985
6060.67  29.8071
6061.91  35.80158
6063.15  41.98296
6064.39  48.59986
6065.63  58.83367
6066.88  75.70705
6068.12  101.1065
6069.36  151.715
6070.60  384.055
6071.84  1715.308
6073.08  3909.606
6074.32  4879.417
6075.56  3857.616
6076.80  2007.816
6078.04  1015.211
6079.28  607.1458
6080.52  345.0087
6081.77  256.5523
6083.01  203.237
6084.25  150.1804
6085.49  112.2019
6086.73  97.95639
6087.97  100.5248
6089.21  119.2261
6090.45  161.8812
6091.69  259.0547
6092.93  999.8091
6094.17  3718.562
6095.42  6416.835
6096.66  6643.556
6097.90  4357.236
6099.14  2065.313
6100.38  1178.625
6101.62  671.271
6102.86  403.2485
6104.10  315.8959
6105.34  229.606
6106.58  153.0187
6107.82  102.4486
6109.07  72.87267
6110.31  52.1496
6111.55  40.53173
6112.79  36.62228
6114.03  34.45737
6115.27  34.59703
6116.51  36.46853
6117.75  36.89875
6118.99  36.89029
6120.23  36.85126
6121.47  37.26611
6122.71  39.18475
6123.96  42.76303
6125.20  76.15349
6126.44  187.3588
6127.68  314.1938
6128.92  327.3647
6130.16  245.2183
6131.40  151.8098
6132.64  125.7712
6133.88  121.1854
6135.12  143.951
6136.36  194.3192
6137.61  271.0014
6138.85  475.2516
6140.09  2335.009
6141.33  7304.435
6142.57  11479.32
6143.81  10817.77
6145.05  6554.821
6146.29  3074.445
6147.53  1865.214
6148.77  1005.149
6150.01  658.3103
6151.25  511.9154
6152.50  369.0751
6153.74  253.0586
6154.98  178.1609
6156.22  145.459
6157.46  129.7365
6158.70  137.3803
6159.94  335.1062
6161.18  1345.944
6162.42  3141.475
6163.66  3740.619
6164.90  2970.692
6166.15  1464.581
6167.39  803.4787
6168.63  473.2888
6169.87  274.3624
6171.11  205.3698
6172.35  162.9057
6173.59  124.7472
6174.83  93.08086
6176.07  71.64111
6177.31  53.41997
6178.55  42.76023
6179.79  45.60447
6181.04  55.94068
6182.28  59.13918
6183.52  52.60413
6184.76  40.64051
6186.00  36.03791
6187.24  35.0823
6188.48  35.03769
6189.72  34.40194
6190.96  32.5942
6192.20  31.21718
6193.44  30.79428
6194.69  30.00614
6195.93  29.76218
6197.17  28.93386
6198.41  28.39686
6199.65  28.4282
6200.89  29.47566
6202.13  30.42059
6203.37  34.32801
6204.61  41.27276
6205.85  45.97462
6207.09  48.36611
6208.34  53.31372
6209.58  64.50269
6210.82  84.05775
6212.06  122.2711
6213.30  223.4852
6214.54  1009.033
6215.78  2760.318
6217.02  3915.037
6218.26  3416.4
6219.50  1964.378
6220.74  950.9116
6221.98  594.7263
6223.23  329.1345
6224.47  227.9181
6225.71  181.0913
6226.95  136.6192
6228.19  97.59785
6229.43  71.22422
6230.67  53.72018
6231.91  41.49754
6233.15  35.33994
6234.39  32.48641
6235.63  31.15173
6236.88  30.50014
6238.12  29.89695
6239.36  29.73732
6240.60  30.12996
6241.84  30.30429
6243.08  30.4025
6244.32  32.96012
6245.56  36.26247
6246.80  37.30835
6248.04  36.71489
6249.28  34.75998
6250.52  34.4276
6251.77  36.22256
6253.01  41.21096
6254.25  47.52694
6255.49  53.2839
6256.73  63.82153
6257.97  81.77702
6259.21  107.0799
6260.45  146.3408
6261.69  193.2829
6262.93  634.0237
6264.17  2641.081
6265.42  6022.639
6266.66  6962.387
6267.90  5450.936
6269.14  2683.401
6270.38  1519.764
6271.62  880.7643
6272.86  504.6053
6274.10  370.4671
6275.34  285.7612
6276.58  208.9589
6277.82  148.3601
6279.06  106.7932
6280.31  77.45811
6281.55  55.79974
6282.79  44.79097
6284.03  40.34745
6285.27  38.17672
6286.51  37.41494
6287.75  37.7542
6288.99  38.05878
6290.23  39.54632
6291.47  42.88152
6292.71  46.88307
6293.96  49.75845
6295.20  53.35408
6296.44  59.91569
6297.68  71.30565
6298.92  88.15788
6300.16  126.0785
6301.40  340.8701
6302.64  1431.689
6303.88  2698.921
6305.12  3060.03
6306.36  2172.314
6307.60  1138.091
6308.85  643.4283
6310.09  383.0998
6311.33  236.2065
6312.57  188.2582
6313.81  154.3752
6315.05  122.8247
6316.29  94.52945
6317.53  77.05304
6318.77  65.68012
6320.01  60.74667
6321.25  65.20643
6322.50  74.25395
6323.74  83.468
6324.98  102.8213
6326.22  143.1155
6327.46  199.4331
6328.70  274.372
6329.94  419.2703
6331.18  1557.905
6332.42  6013.611
6333.66  11010.63
6334.90  11611.71
6336.15  8130.386
6337.39  3998.794
6338.63  2378.174
6339.87  1314.77
6341.11  785.8277
6342.35  599.7966
6343.59  456.2065
6344.83  334.3275
6346.07  237.5605
6347.31  170.4653
6348.55  120.4297
6349.79  84.79315
6351.04  67.7697
6352.28  60.73562
6353.52  57.00757
6354.76  53.64971
6356.00  52.2123
6357.24  52.32227
6358.48  51.93444
6359.72  52.26464
6360.96  52.56435
6362.20  53.64111
6363.44  55.01733
6364.69  56.61227
6365.93  57.01004
6367.17  59.4448
6368.41  65.36872
6369.65  72.06588
6370.89  83.19031
6372.13  92.43088
6373.37  108.8452
6374.61  136.5991
6375.85  179.1213
6377.09  251.6805
6378.33  344.5536
6379.58  1247.248
6380.82  5065.395
6382.06  10055.55
6383.30  11398.65
6384.54  8420.366
6385.78  4454.634
6387.02  2523.395
6388.26  1448.191
6389.50  876.9185
6390.74  691.8575
6391.98  585.3556
6393.23  512.8273
6394.47  498.1337
6395.71  553.4515
6396.95  676.5952
6398.19  1335.858
6399.43  6045.833
6400.67  18203.15
6401.91  26552.48
6403.15  24604.07
6404.39  14991.16
6405.63  7778.333
6406.87  4561.047
6408.12  2445.337
6409.36  1586.714
6410.60  1222.287
6411.84  919.9849
6413.08  662.0204
6414.32  345.5629
6415.56  249.1003
6416.80  162.8673
6418.04  108.0324
6419.28  83.26669
6420.52  72.88392
6421.77  67.79401
6423.01  62.59015
6424.25  57.85683
6425.49  55.06537
6426.73  52.87314
6427.97  52.11992
6429.21  50.59239
6430.45  48.44067
6431.69  48.2169
6432.93  47.06509
6434.17  46.37176
6435.42  45.09653
6436.66  44.29339
6437.90  43.55319
6439.14  43.16784
6440.38  43.41903
6441.62  43.04469
6442.86  44.933
6444.10  47.43589
6445.34  47.03564
6446.58  45.34219
6447.82  41.4786
6449.06  39.95108
6450.31  39.06827
6451.55  38.20729
6452.79  38.15842
6454.03  36.4481
6455.27  36.04034
6456.51  36.02504
6457.75  35.92201
6458.99  35.93187
6460.23  35.5806
6461.47  35.25333
6462.71  34.91037
6463.96  35.01061
6465.20  35.84291
6466.44  35.66436
6467.68  35.75549
6468.92  35.70921
6470.16  35.62627
6471.40  35.54126
6472.64  36.06444
6473.88  36.69837
6475.12  36.57037
6476.36  36.96364
6477.60  37.24327
6478.85  37.54245
6480.09  37.82777
6481.33  37.99159
6482.57  38.71152
6483.81  39.74345
6485.05  40.27057
6486.29  42.01143
6487.53  47.72269
6488.77  45.28268
6490.01  47.7645
6491.25  50.73985
6492.50  58.47409
6493.74  72.42592
6494.98  90.37767
6496.22  114.303
6497.46  160.4767
6498.70  261.2435
6499.94  562.9867
6501.18  1226.855
6502.42  1979.569
6503.66  4013.412
6504.90  9092.984
6506.14  13815.13
6507.39  13043.04
6508.63  7805.445
6509.87  3121.728
6511.11  1362.58
6512.35  503.6854
6513.59  158.0124
6514.83  94.34833
6516.07  74.58573
6517.31  64.90257
6518.55  61.93651
6519.79  64.51477
6521.04  69.03352
6522.28  77.20984
6523.52  91.27219
6524.76  120.7032
6526.00  207.9698
6527.24  433.3381
6528.48  746.1544
6529.72  1338.174
6530.96  3110.996
6532.20  5195.95
6533.44  5469.083
6534.69  3652.777
6535.93  1584.28
6537.17  690.3083
6538.41  295.3961
6539.65  105.0362
6540.89  61.65214
6542.13  52.12299
6543.37  44.32915
6544.61  41.60836
6545.85  40.36565
6547.09  39.27925
6548.33  39.02778
6549.58  37.16553
6550.82  36.34281
6552.06  35.6761
6553.30  35.15396
6554.54  35.79781
6555.78  34.6097
6557.02  34.3253
6558.26  34.08806
6559.50  33.08514
6560.74  33.53648
6561.98  33.06731
6563.23  32.35189
6564.47  32.3044
6565.71  32.85656
6566.95  33.26289
6568.19  32.18416
6569.43  32.22264
6570.67  32.14481
6571.91  32.64757
6573.15  33.58102
6574.39  31.84921
6575.63  32.02084
6576.87  32.07256
6578.12  32.47115
6579.36  33.40246
6580.60  33.045
6581.84  33.42181
6583.08  35.08154
6584.32  36.69965
6585.56  42.08084
6586.80  50.33176
6588.04  59.22044
6589.28  74.01051
6590.52  103.1365
6591.77  173.0299
6593.01  376.4812
6594.25  728.4731
6595.49  1327.006
6596.73  2941.254
6597.97  5465.548
6599.21  6319.715
6600.45  4736.898
6601.69  2250.861
6602.93  959.5269
6604.17  470.611
6605.41  172.547
6606.66  77.12106
6607.90  56.07194
6609.14  44.93367
6610.38  39.20854
6611.62  36.63499
6612.86  35.1526
6614.10  34.42583
6615.34  33.96051
6616.58  33.04741
6617.82  32.13727
6619.06  31.66712
6620.31  31.24333
6621.55  31.32624
6622.79  30.90641
6624.03  31.26209
6625.27  31.27575
6626.51  30.57221
6627.75  30.70948
6628.99  30.27324
6630.23  30.40541
6631.47  31.0104
6632.71  30.63093
6633.96  30.83728
6635.20  31.79872
6636.44  31.77724
6637.68  32.49032
6638.92  32.46776
6640.16  33.1284
6641.40  33.37241
6642.64  33.97469
6643.88  34.1367
6645.12  33.95752
6646.36  35.93632
6647.60  37.91881
6648.85  42.31672
6650.09  54.98728
6651.33  67.34845
6652.57  69.38777
6653.81  59.88368
6655.05  46.80113
6656.29  42.28428
6657.53  40.49455
6658.77  39.09712
6660.01  39.8665
6661.25  41.43863
6662.50  43.48837
6663.74  48.89528
6664.98  59.62524
6666.22  74.20396
6667.46  90.70634
6668.70  118.1952
6669.94  169.9211
6671.18  287.5721
6672.42  642.5743
6673.66  1302.903
6674.90  2583.854
6676.14  5961.444
6677.39  10487.93
6678.63  11666.44
6679.87  8299.416
6681.11  3844.182
6682.35  1720.64
6683.59  907.731
6684.83  377.9103
6686.07  164.8956
6687.31  101.4678
6688.55  75.78416
6689.79  59.74402
6691.04  53.34113
6692.28  49.18723
6693.52  47.77402
6694.76  47.00909
6696.00  45.68343
6697.24  44.68916
6698.48  43.56617
6699.72  44.86569
6700.96  44.87337
6702.20  45.69363
6703.44  51.17625
6704.68  59.42266
6705.93  70.64439
6707.17  84.44559
6708.41  113.8361
6709.65  167.9833
6710.89  328.9791
6712.13  724.9575
6713.37  1363.52
6714.61  3320.444
6715.85  6311.688
6717.09  7874.658
6718.33  6156.457
6719.58  3155.788
6720.82  1335.97
6722.06  753.1363
6723.30  355.5578
6724.54  166.2352
6725.78  88.76817
6727.02  62.71637
6728.26  49.31712
6729.50  41.15533
6730.74  37.60802
6731.98  35.64141
6733.23  35.15542
6734.47  34.42675
6735.71  33.29725
6736.95  33.98468
6738.19  34.35941
6739.43  32.67404
6740.67  30.854
6741.91  28.84346
6743.15  28.99893
6744.39  28.55746
6745.63  27.51185
6746.87  27.55514
6748.12  26.36222
6749.36  26.04509
6750.60  25.98912
6751.84  25.60844
6753.08  25.61222
6754.32  24.47631
6755.56  24.55385
6756.80  24.96654
6758.04  25.18433
6759.28  25.262
6760.52  24.25228
6761.77  23.37184
6763.01  23.59183
6764.25  23.73707
6765.49  22.97485
6766.73  22.15331
6767.97  21.94636
6769.21  21.85437
6770.45  22.48492
6771.69  21.96602
6772.93  21.19302
6774.17  21.25081
6775.41  21.22312
6776.66  20.90159
6777.90  21.04332
6779.14  20.37566
6780.38  20.73503
6781.62  21.08319
6782.86  20.39093
6784.10  20.35362
6785.34  19.8604
6786.58  20.2926
6787.82  20.10657
6789.06  19.89687
6790.31  20.11531
6791.55  19.41069
6792.79  19.30391
6794.03  19.41363
6795.27  19.58638
6796.51  19.36457
6797.75  19.73143
6798.99  19.3329
6800.23  19.31865
6801.47  19.7052
6802.71  19.7106
6803.95  19.22737
6805.20  18.89865
6806.44  19.00718
6807.68  19.08821
6808.92  19.92585
6810.16  19.46496
6811.40  19.68833
6812.64  19.35166
6813.88  19.85842
6815.12  19.21606
6816.36  18.93748
6817.60  18.86271
6818.85  18.98579
6820.09  18.94623
6821.33  19.12234
6822.57  19.00526
6823.81  19.18238
6825.05  18.86939
6826.29  19.50887
6827.53  19.26514
6828.77  18.64928
6830.01  18.71794
6831.25  18.50989
6832.50  19.59335
6833.74  19.17
6834.98  18.90062
6836.22  19.2923
6837.46  19.08271
6838.70  19.44119
6839.94  19.59635
6841.18  19.04501
6842.42  19.47341
6843.66  19.45254
6844.90  20.48284
6846.14  20.47335
6847.39  20.1
6848.63  20.15116
6849.87  19.72962
6851.11  20.54889
6852.35  20.70827
6853.59  19.69574
6854.83  20.36685
6856.07  20.69079
6857.31  21.23064
6858.55  21.49128
6859.79  20.71845
6861.04  20.92396
6862.28  21.06175
6863.52  22.08303
6864.76  22.52305
6866.00  21.40625
6867.24  21.66106
6868.48  22.02355
6869.72  22.61328
6870.96  23.37689
6872.20  22.70103
6873.44  22.75756
6874.68  23.29859
6875.93  23.78735
6877.17  24.21643
6878.41  23.80568
6879.65  24.63291
6880.89  24.59845
6882.13  24.98518
6883.37  26.41827
6884.61  25.97584
6885.85  25.80393
6887.09  26.28743
6888.33  26.98879
6889.58  27.88337
6890.82  27.78884
6892.06  27.9267
6893.30  28.20189
6894.54  29.01115
6895.78  30.10508
6897.02  30.43499
6898.26  31.20544
6899.50  31.49651
6900.74  31.42803
6901.98  33.26027
6903.22  33.32758
6904.47  33.46933
6905.71  34.73423
6906.95  35.37214
6908.19  36.6578
6909.43  37.01335
6910.67  37.83434
6911.91  38.92771
6913.15  40.5726
6914.39  44.7126
6915.63  51.9812
6916.87  66.24533
6918.12  82.32317
6919.36  99.18975
6920.60  134.3439
6921.84  195.4329
6923.08  309.2537
6924.32  686.2767
6925.56  1618.242
6926.80  4435.298
6928.04  9403.137
6929.28  12400.38
6930.52  10359.7
6931.76  5682.748
6933.01  2440.843
6934.25  1387.109
6935.49  785.4891
6936.73  511.1089
6937.97  324.8687
6939.21  185.6682
6940.45  115.362
6941.69  80.77409
6942.93  61.18521
6944.17  51.5739
6945.41  46.80655
6946.66  44.43476
6947.90  42.78714
6949.14  41.53986
6950.38  40.41859
6951.62  40.20913
6952.86  40.30107
6954.10  39.30177
6955.34  39.48404
6956.58  38.80923
6957.82  39.4879
6959.06  39.7149
6960.31  38.80109
6961.55  39.14426
6962.79  38.75658
6964.03  38.81359
6965.27  39.15881
6966.51  38.62128
6967.75  39.12321
6968.99  39.13196
6970.23  38.96618
6971.47  39.82553
6972.71  39.22969
6973.95  40.07276
6975.20  40.01846
6976.44  39.59802
6977.68  41.11296
6978.92  41.24008
6980.16  41.08155
6981.40  41.53362
6982.64  42.78656
6983.88  43.27189
6985.12  43.39301
6986.36  43.45899
6987.60  44.12057
6988.85  44.77446
6990.09  46.24205
6991.33  47.25797
6992.57  47.69008
6993.81  48.5283
6995.05  49.31991
6996.29  50.86705
6997.53  52.28352
6998.77  53.04936
7000.01  53.42714
7001.25  54.5255
7002.49  56.5197
7003.74  57.01404
7004.98  59.0531
7006.22  60.41882
7007.46  62.13202
7008.70  64.85941
7009.94  66.43667
7011.18  70.57245
7012.42  74.4005
7013.66  78.90167
7014.90  86.46103
7016.14  96.08758
7017.39  113.0296
7018.63  157.6466
7019.87  274.7867
7021.11  573.6425
7022.35  1160.004
7023.59  1652.396
7024.83  1694.038
7026.07  1442.192
7027.31  1712.331
7028.55  4231.174
7029.79  11772.47
7031.03  26128.
7032.28  32761.55
7033.52  27291.23
7034.76  14114.16
7036.00  6508.968
7037.24  3513.689
7038.48  2016.413
7039.72  1402.681
7040.96  958.8401
7042.20  552.1094
7043.44  315.8443
7044.68  203.0885
7045.93  138.6915
7047.17  108.3226
7048.41  100.8725
7049.65  110.6209
7050.89  118.2221
7052.13  111.7175
7053.37  95.39297
7054.61  90.35652
7055.85  114.6284
7057.09  191.9688
7058.33  272.698
7059.58  278.3134
7060.82  200.1396
7062.06  123.1447
7063.30  87.78293
7064.54  72.39736
7065.78  63.74197
7067.02  58.61775
7068.26  54.37188
7069.50  50.71835
7070.74  48.41144
7071.98  46.49871
7073.22  45.02085
7074.47  43.70574
7075.71  42.56171
7076.95  42.3162
7078.19  41.34559
7079.43  40.08863
7080.67  39.74144
7081.91  39.42533
7083.15  38.73703
7084.39  37.87043
7085.63  37.0304
7086.87  36.51473
7088.12  36.12975
7089.36  35.59403
7090.60  35.50954
7091.84  34.89716
7093.08  34.2599
7094.32  34.04709
7095.56  33.5411
7096.80  33.06737
7098.04  33.24258
7099.28  33.15464
7100.52  32.02322
7101.76  32.50686
7103.01  31.90176
7104.25  31.67376
7105.49  31.09637
7106.73  30.43478
7107.97  31.16082
7109.21  31.05257
7110.45  31.6949
7111.69  32.87492
7112.93  32.37229
7114.17  31.47935
7115.41  30.16129
7116.66  29.47786
7117.90  28.96073
7119.14  28.31256
7120.38  28.86069
7121.62  28.88365
7122.86  29.22424
7124.10  29.06764
7125.34  28.10147
7126.58  28.95175
7127.82  29.00407
7129.06  28.82217
7130.30  28.86803
7131.55  28.80953
7132.79  28.39463
7134.03  28.75217
7135.27  29.27422
7136.51  29.42257
7137.75  29.76674
7138.99  29.86884
7140.23  29.90977
7141.47  29.49457
7142.71  29.24127
7143.95  29.03741
7145.20  28.99231
7146.44  29.75312
7147.68  29.77416
7148.92  30.3485
7150.16  30.66812
7151.40  30.75364
7152.64  31.26634
7153.88  31.49942
7155.12  32.19538
7156.36  32.88379
7157.60  33.43077
7158.85  34.34753
7160.09  36.7276
7161.33  42.60036
7162.57  47.24632
7163.81  52.32004
7165.05  61.8461
7166.29  79.23434
7167.53  108.9896
7168.77  165.0186
7170.01  402.2578
7171.25  1338.313
7172.49  3130.175
7173.74  4100.577
7174.98  3381.862
7176.22  1858.127
7177.46  871.2798
7178.70  503.1787
7179.94  284.4997
7181.18  218.333
7182.42  167.9332
7183.66  116.4347
7184.90  78.98492
7186.14  60.37658
7187.39  49.32635
7188.63  42.81137
7189.87  40.38944
7191.11  39.07425
7192.35  38.54522
7193.59  38.31641
7194.83  38.17982
7196.07  38.39288
7197.31  39.06967
7198.55  38.61207
7199.79  38.79587
7201.03  38.37225
7202.28  38.89761
7203.52  39.74286
7204.76  39.58699
7206.00  40.47862
7207.24  40.97923
7208.48  40.95749
7209.72  41.27282
7210.96  42.13567
7212.20  42.98346
7213.44  44.20134
7214.68  44.78355
7215.93  45.00603
7217.17  44.98959
7218.41  46.95299
7219.65  47.90677
7220.89  48.66928
7222.13  49.96552
7223.37  51.23187
7224.61  52.56878
7225.85  54.143
7227.09  55.73607
7228.33  57.91764
7229.57  60.44685
7230.82  68.62607
7232.06  86.53751
7233.30  109.2767
7234.54  128.1356
7235.78  157.5618
7237.02  213.6533
7238.26  307.5488
7239.50  466.2515
7240.74  902.786
7241.98  3224.939
7243.22  10698.18
7244.47  17391.32
7245.71  17525.4
7246.95  10754.67
7248.19  5161.048
7249.43  2729.409
7250.67  1470.406
7251.91  951.7664
7253.15  757.5169
7254.39  526.6507
7255.63  324.137
7256.87  206.3175
7258.12  136.83
7259.36  93.99573
7260.60  71.45811
7261.84  62.12686
7263.08  56.78519
7264.32  52.61756
7265.56  50.82583
7266.80  48.96869
7268.04  47.73549
7269.28  46.15519
7270.52  44.98183
7271.76  44.39006
7273.01  43.17919
7274.25  42.04292
7275.49  41.20127
7276.73  39.67391
7277.97  39.50631
7279.21  38.2041
7280.45  37.36689
7281.69  37.2055
7282.93  35.70318
7284.17  35.53521
7285.41  35.25782
7286.66  34.26543
7287.90  33.87746
7289.14  32.72866
7290.38  32.62782
7291.62  32.39649
7292.86  31.10938
7294.10  31.07122
7295.34  29.56193
7296.58  29.50985
7297.82  29.49474
7299.06  28.05086
7300.30  28.2169
7301.55  27.58674
7302.79  28.72589
7304.03  29.96542
7305.27  28.61265
7306.51  27.86028
7307.75  26.25397
7308.99  26.03376
7310.23  26.00405
7311.47  24.35074
7312.71  24.67526
7313.95  24.32246
7315.20  23.53341
7316.44  23.7769
7317.68  23.33326
7318.92  23.63812
7320.16  22.83355
7321.40  22.32522
7322.64  22.73631
7323.88  21.85706
7325.12  22.11699
7326.36  21.73233
7327.60  21.21254
7328.84  21.73058
7330.09  21.56836
7331.33  21.29307
7332.57  20.60368
7333.81  20.70441
7335.05  21.40067
7336.29  20.60406
7337.53  20.75553
7338.77  20.54619
7340.01  20.30739
7341.25  20.60703
7342.49  20.21632
7343.74  20.2137
7344.98  19.94699
7346.22  19.50033
7347.46  20.21597
7348.70  19.77534
7349.94  19.6152
7351.18  20.01759
7352.42  19.76862
7353.66  20.1737
7354.90  19.91163
7356.14  19.75463
7357.39  19.84317
7358.63  19.09974
7359.87  19.40891
7361.11  19.1098
7362.35  19.52953
7363.59  19.83109
7364.83  19.16239
7366.07  19.79543
7367.31  19.78964
7368.55  19.51389
7369.79  19.78273
7371.03  19.32869
7372.28  19.50768
7373.52  19.90231
7374.76  19.79919
7376.00  20.18587
7377.24  19.92281
7378.48  19.89745
7379.72  20.13044
7380.96  19.51851
7382.20  20.46859
7383.44  20.23142
7384.68  20.30736
7385.93  20.79347
7387.17  20.65156
7388.41  20.96909
7389.65  21.65402
7390.89  21.6158
7392.13  21.54913
7393.37  21.47838
7394.61  21.35408
7395.85  21.54674
7397.09  21.93817
7398.33  22.42977
7399.57  22.19487
7400.82  22.39297
7402.06  23.51918
7403.30  23.25332
7404.54  23.90908
7405.78  23.55283
7407.02  24.90561
7408.26  24.59982
7409.50  24.76297
7410.74  25.90303
7411.98  25.79615
7413.22  26.15928
7414.47  27.11514
7415.71  27.1706
7416.95  27.79936
7418.19  28.32265
7419.43  29.10277
7420.67  29.94599
7421.91  30.36795
7423.15  31.63059
7424.39  33.43728
7425.63  40.26104
7426.87  48.82152
7428.11  54.76789
7429.36  63.93098
7430.60  80.56458
7431.84  110.6757
7433.08  166.0066
7434.32  247.8673
7435.56  791.8307
7436.80  2909.977
7438.04  5780.429
7439.28  6069.868
7440.52  4287.193
7441.76  1980.156
7443.01  1151.575
7444.25  606.1608
7445.49  370.6852
7446.73  290.3899
7447.97  223.0027
7449.21  157.6853
7450.45  108.0707
7451.69  77.93587
7452.93  56.36805
7454.17  42.79729
7455.41  36.42142
7456.66  32.86348
7457.90  31.58498
7459.14  30.74037
7460.38  30.55455
7461.62  30.02819
7462.86  29.1558
7464.10  29.43962
7465.34  29.08454
7466.58  29.70537
7467.82  31.52068
7469.06  37.9678
7470.30  71.28766
7471.55  109.9649
7472.79  120.0797
7474.03  91.1255
7475.27  60.02733
7476.51  47.1391
7477.75  39.69729
7478.99  36.34926
7480.23  39.01742
7481.47  42.71356
7482.71  51.10058
7483.95  68.36449
7485.20  118.9183
7486.44  471.3006
7487.68  1022.78
7488.92  1294.488
7490.16  1003.88
7491.40  539.5962
7492.64  290.4442
7493.88  172.7199
7495.12  101.5046
7496.36  80.37919
7497.60  66.04832
7498.84  52.921
7500.09  41.82367
7501.33  34.33963
7502.57  29.28551
7503.81  25.43808
7505.05  23.80964
7506.29  22.38227
7507.53  21.87087
7508.77  21.88433
7510.01  21.34832
7511.25  21.59491
7512.49  21.12995
7513.74  20.54615
7514.98  21.09584
7516.22  21.00492
7517.46  20.89977
7518.70  20.60873
7519.94  20.66628
7521.18  20.76907
7522.42  21.72171
7523.66  23.35167
7524.90  24.4982
7526.14  26.05726
7527.38  28.9992
7528.63  34.03512
7529.87  45.02827
7531.11  59.89665
7532.35  144.9414
7533.59  508.0067
7534.83  1004.788
7536.07  1145.632
7537.31  828.394
7538.55  447.1311
7539.79  267.9309
7541.03  221.8413
7542.28  382.0692
7543.52  536.2634
7544.76  517.6614
7546.00  330.3539
7547.24  178.5993
7548.48  111.1298
7549.72  66.4825
7550.96  47.26645
7552.20  39.40183
7553.44  32.94703
7554.68  27.22548
7555.93  23.72393
7557.17  22.48606
7558.41  19.86756
7559.65  17.14506
7560.89  16.69413
7562.13  16.72596
7563.37  16.06914
7564.61  15.68783
7565.85  15.07901
7567.09  14.90491
7568.33  15.2372
7569.57  14.68872
7570.82  14.74906
7572.06  14.55758
7573.30  14.35343
7574.54  14.06621
7575.78  13.89414
7577.02  13.7275
7578.26  13.53483
7579.50  13.4926
7580.74  13.34909
7581.98  13.56311
7583.22  13.15255
7584.47  12.84793
7585.71  12.43351
7586.95  12.83765
7588.19  13.09304
7589.43  12.47462
7590.67  12.67842
7591.91  12.09484
7593.15  11.96701
7594.39  12.30103
7595.63  12.22683
7596.87  11.83839
7598.11  11.65546
7599.36  11.74505
7600.60  11.56438
7601.84  11.34843
7603.08  11.56294
7604.32  10.85974
7605.56  10.86711
7606.80  11.25033
7608.04  10.74158
7609.28  10.58699
7610.52  11.88861
7611.76  11.52451
7613.01  10.74353
7614.25  10.5709
7615.49  10.74222
7616.73  10.80637
7617.97  10.46634
7619.21  10.64471
7620.45  10.69303
7621.69  10.79668
7622.93  10.63808
7624.17  10.10793
7625.41  10.26247
7626.65  10.28479
7627.90  10.14124
7629.14  10.06348
7630.38  9.496361
7631.62  9.761124
7632.86  9.7261
7634.10  9.53413
7635.34  9.482458
7636.58  9.284202
7637.82  9.437774
7639.06  9.6698
7640.30  9.364019
7641.55  9.074486
7642.79  9.002254
7644.03  9.294952
7645.27  9.42789
7646.51  8.929548
7647.75  8.971478
7648.99  8.986574
7650.23  9.282328
7651.47  9.305356
7652.71  10.61491
7653.95  9.948901
7655.19  8.607549
7656.44  8.746891
7657.68  9.302121
7658.92  9.387817
7660.16  9.181194
7661.40  9.135883
7662.64  8.909952
7663.88  9.062135
7665.12  8.818751
7666.36  9.424764
7667.60  9.958713
7668.84  9.074041
7670.09  8.922612
7671.33  8.872432
7672.57  8.647912
7673.81  9.294354
7675.05  9.017563
7676.29  8.740784
7677.53  9.033753
7678.77  8.811161
7680.01  8.94609
7681.25  8.940318
7682.49  8.96552
7683.74  9.235972
7684.98  8.693656
7686.22  8.790832
7687.46  8.706612
7688.70  8.762469
7689.94  9.10399
7691.18  9.036842
7692.42  9.059066
7693.66  8.786075
7694.90  8.778272
7696.14  9.323586
7697.38  8.836287
7698.63  8.900472
7699.87  8.721982
7701.11  8.408333
7702.35  8.61239
7703.59  8.831887
7704.83  8.497096
7706.07  8.454711
7707.31  8.247823
7708.55  8.250207
7709.79  8.752186
7711.03  8.694402
7712.28  8.601783
7713.52  8.105515
7714.76  8.375947
7716.00  8.954445
7717.24  8.868766
7718.48  8.529233
7719.72  8.462089
7720.96  8.743028
7722.20  9.2043
7723.44  9.379632
7724.68  9.625522
7725.92  9.404742
7727.17  8.683034
7728.41  9.264542
7729.65  9.218358
7730.89  8.530416
7732.13  8.29497
7733.37  8.382384
7734.61  8.658318
7735.85  9.054614
7737.09  8.575141
7738.33  8.288719
7739.57  8.517251
7740.82  8.827575
7742.06  9.020035
7743.30  8.798598
7744.54  9.18065
7745.78  9.774997
7747.02  9.613319
7748.26  10.39192
7749.50  10.05714
7750.74  9.605911
7751.98  9.813747
7753.22  9.964182
7754.46  10.45559
7755.71  9.702625
7756.95  9.652744
7758.19  10.0546
7759.43  10.06274
7760.67  10.56491
7761.91  9.700826
7763.15  9.430593
7764.39  9.820045
7765.63  9.633376
7766.87  10.63071
7768.11  9.893345
7769.36  9.61618
7770.60  10.22949
7771.84  9.698353
7773.08  10.62596
7774.32  10.38762
7775.56  10.11172
7776.80  9.999351
7778.04  9.261091
7779.28  10.03834
7780.52  10.2546
7781.76  9.380166
7783.01  9.337556
7784.25  9.57766
7785.49  10.20131
7786.73  9.867144
7787.97  9.384012
7789.21  9.547328
7790.45  9.510355
7791.69  10.51041
7792.93  10.02003
7794.17  9.015512
7795.41  9.485293
7796.65  9.340828
7797.90  9.792423
7799.14  9.773189
7800.38  9.168789
7801.62  9.749891
7802.86  9.665905
7804.10  9.890429
7805.34  9.917862
7806.58  9.219547
7807.82  9.480658
7809.06  9.471653
7810.30  9.972486
7811.55  10.11805
7812.79  9.641993
7814.03  9.818264
7815.27  9.803545
7816.51  10.00821
7817.75  10.23333
7818.99  9.443743
7820.23  9.458395
7821.47  9.4968
7822.71  9.87845
7823.95  10.4421
7825.19  9.899266
7826.44  9.575002
7827.68  9.481352
7828.92  10.09182
7830.16  10.92208
7831.40  10.78068
7832.64  10.96843
7833.88  10.70673
7835.12  10.84849
7836.36  11.8494
7837.60  13.05095
7838.84  14.23649
7840.09  13.72785
7841.33  12.09855
7842.57  10.77968
7843.81  9.922338
7845.05  9.898325
7846.29  9.651696
7847.53  9.435943
7848.77  9.866898
7850.01  9.625492
7851.25  9.631872
7852.49  9.62956
7853.73  9.547389
7854.98  9.681542
7856.22  9.802528
7857.46  9.909987
7858.70  9.742034
7859.94  9.648253
7861.18  10.13051
7862.42  9.929108
7863.66  9.766578
7864.90  9.759456
7866.14  9.845922
7867.38  9.789213
7868.63  9.759025
7869.87  9.801012
7871.11  9.573891
7872.35  9.903154
7873.59  10.15491
7874.83  9.729689
7876.07  9.692981
7877.31  9.947664
7878.55  10.32043
7879.79  10.04112
7881.03  9.936394
7882.28  9.872651
7883.52  9.722815
7884.76  10.32193
7886.00  9.867691
7887.24  10.15991
7888.48  10.37959
7889.72  9.966428
7890.96  10.18484
7892.20  9.924091
7893.44  9.918871
7894.68  10.33126
7895.92  9.738882
7897.17  9.820965
7898.41  9.82106
7899.65  9.950401
7900.89  10.39141
7902.13  9.818618
7903.37  9.96772
7904.61  10.51862
7905.85  10.18948
7907.09  10.10061
7908.33  10.01533
7909.57  10.29809
7910.82  10.73385
7912.06  10.08692
7913.30  10.45908
7914.54  10.21539
7915.78  10.20066
7917.02  10.2984
7918.26  10.14096
7919.50  10.97078
7920.74  10.54429
7921.98  10.79225
7923.22  11.50109
7924.46  12.61623
7925.71  15.0516
7926.95  16.4546
7928.19  15.76851
7929.43  13.68227
7930.67  12.80974
7931.91  14.26953
7933.15  15.6565
7934.39  21.70839
7935.63  34.31836
7936.87  43.5955
7938.11  45.12766
7939.36  45.39896
7940.60  74.26611
7941.84  138.2543
7943.08  175.4541
7944.32  146.3948
7945.56  81.27313
7946.80  41.86819
7948.04  26.22984
7949.28  16.38582
7950.52  13.04013
7951.76  12.11063
7953.00  11.10778
7954.25  11.10696
7955.49  10.63991
7956.73  10.51138
7957.97  10.68279
7959.21  10.74119
7960.45  11.0985
7961.69  10.41423
7962.93  10.57449
7964.17  10.65201
7965.41  10.52639
7966.65  10.74329
7967.90  10.12126
7969.14  10.20128
7970.38  10.47904
7971.62  9.993675
7972.86  10.034
7974.10  9.844893
7975.34  9.736204
7976.58  10.13372
7977.82  10.18905
7979.06  10.25648
7980.30  9.875066
7981.55  9.933208
7982.79  10.23441
7984.03  10.10964
7985.27  10.29613
7986.51  10.08819
7987.75  9.894934
7988.99  10.38855
7990.23  10.03578
7991.47  10.53953
7992.71  10.25843
7993.95  9.601711
7995.19  10.16421
7996.44  9.843594
7997.68  9.841654
7998.92  9.748652
8000.16  9.54504
8001.40  9.935576
8002.64  9.707138
8003.88  9.902144
8005.12  9.825338
8006.36  9.262732
8007.60  10.24464
8008.84  10.36032
8010.09  9.883831
8011.33  9.812984
8012.57  9.432778
8013.81  9.956039
8015.05  10.11866
8016.29  9.999335
8017.53  9.616885
8018.77  9.095106
8020.01  9.58963
8021.25  9.599814
8022.49  9.715925
8023.73  9.689522
8024.98  9.722731
8026.22  9.977911
8027.46  10.06992
8028.70  10.04933
8029.94  10.14141
8031.18  10.00438
8032.42  10.28361
8033.66  10.44726
8034.90  10.11803
8036.14  9.792912
8037.38  9.31008
8038.63  9.524293
8039.87  10.05904
8041.11  10.24645
8042.35  9.972239
8043.59  9.744581
8044.83  9.914583
8046.07  10.24001
8047.31  9.869854
8048.55  9.462105
8049.79  9.463122
8051.03  9.617237
8052.27  10.49903
8053.52  10.92203
8054.76  10.7704
8056.00  10.42044
8057.24  10.55179
8058.48  11.09395
8059.72  10.75438
8060.96  10.68305
8062.20  10.34472
8063.44  10.68818
8064.68  10.73509
8065.92  10.79698
8067.17  10.77056
8068.41  9.897182
8069.65  10.44337
8070.89  11.10878
8072.13  12.33849
8073.37  13.67172
8074.61  14.85799
8075.85  19.6804
8077.09  27.1557
8078.33  38.85043
8079.57  80.54753
8080.82  173.9846
8082.06  249.2301
8083.30  228.6793
8084.54  134.9246
8085.78  65.89556
8087.02  38.32436
8088.26  24.65061
8089.50  17.53922
8090.74  14.30343
8091.98  12.57653
8093.22  11.39983
8094.46  11.51913
8095.71  11.14958
8096.95  10.91748
8098.19  10.82806
8099.43  10.33636
8100.67  10.34213
8101.91  10.16369
8103.15  10.9238
8104.39  11.5207
8105.63  11.1662
8106.87  11.1127
8108.11  10.78276
8109.36  11.2255
8110.60  12.40319
8111.84  12.88471
8113.08  14.66291
8114.32  18.00964
8115.56  27.54058
8116.80  52.03909
8118.04  72.56509
8119.28  68.65877
8120.52  45.59756
8121.76  27.09513
8123.00  21.04855
8124.25  17.95534
8125.49  18.16842
8126.73  24.5221
8127.97  34.08762
8129.21  40.10503
8130.45  42.00838
8131.69  46.48515
8132.93  74.004
8134.17  166.1529
8135.41  296.5848
8136.65  335.993
8137.90  241.8311
8139.14  119.8926
8140.38  60.84309
8141.62  38.36968
8142.86  23.91181
8144.10  17.62136
8145.34  14.11401
8146.58  12.40172
8147.82  12.64477
8149.06  12.08005
8150.30  11.50667
8151.54  11.5181
8152.79  11.02189
8154.03  11.16274
8155.27  11.1618
8156.51  10.25622
8157.75  10.75614
8158.99  10.27914
8160.23  10.99601
8161.47  10.72439
8162.71  10.14848
8163.95  10.60937
8165.19  10.63095
8166.44  10.81481
8167.68  11.19755
8168.92  10.44762
8170.16  10.5812
8171.40  10.20971
8172.64  10.62785
8173.88  10.81304
8175.12  9.849065
8176.36  10.25566
8177.60  9.923598
8178.84  10.09655
8180.09  10.57596
8181.33  9.867402
8182.57  9.738616
8183.81  9.937467
8185.05  10.51609
8186.29  10.50677
8187.53  9.956674
8188.77  10.2279
8190.01  9.957184
8191.25  10.29382
8192.49  10.81389
8193.73  10.32677
8194.98  10.25981
8196.22  10.28986
8197.46  10.27281
8198.70  11.20584
8199.94  10.1475
8201.18  9.885038
8202.42  10.32156
8203.66  10.48643
8204.90  11.34332
8206.14  10.47123
8207.38  10.09282
8208.63  10.18262
8209.87  10.00438
8211.11  11.10062
8212.35  10.47307
8213.59  9.949039
8214.83  10.22565
8216.07  10.21512
8217.31  11.12929
8218.55  10.96575
8219.79  10.53555
8221.03  10.90099
8222.27  10.37887
8223.52  11.48681
8224.76  11.34925
8226.00  10.66443
8227.24  10.92956
8228.48  10.93384
8229.72  11.70423
8230.96  11.64807
8232.20  11.1086
8233.44  11.03834
8234.68  10.84645
8235.92  11.98081
8237.17  11.92062
8238.41  11.60094
8239.65  12.36541
8240.89  12.02292
8242.13  12.52665
8243.37  13.28557
8244.61  12.49443
8245.85  13.65894
8247.09  15.75668
8248.33  17.78525
8249.57  17.8143
8250.81  15.40255
8252.06  15.06355
8253.30  15.9863
8254.54  17.89169
8255.78  23.41231
8257.02  37.20697
8258.26  59.92459
8259.50  69.31557
8260.74  61.38853
8261.98  49.09558
8263.22  60.68071
8264.46  105.6534
8265.71  145.6701
8266.95  137.8037
8268.19  89.16063
8269.43  49.50766
8270.67  31.42888
8271.91  24.04958
8273.15  20.28877
8274.39  18.87603
8275.63  16.76521
8276.87  16.2794
8278.11  15.89713
8279.35  15.61468
8280.60  16.92839
8281.84  16.28589
8283.08  15.81617
8284.32  16.7796
8285.56  17.11214
8286.80  18.51314
8288.04  18.73916
8289.28  19.96131
8290.52  21.82378
8291.76  24.68753
8293.00  31.95695
8294.25  46.8978
8295.49  70.68704
8296.73  135.136
8297.97  327.9173
8299.21  615.0153
8300.45  739.8204
8301.69  570.558
8302.93  306.2068
8304.17  149.9584
8305.41  90.03595
8306.65  57.56882
8307.90  41.29106
8309.14  31.4044
8310.38  25.08698
8311.62  22.84093
8312.86  21.27691
8314.10  19.73013
8315.34  19.69784
8316.58  19.7395
8317.82  19.94561
8319.06  19.98345
8320.30  19.62309
8321.54  20.00843
8322.79  20.05649
8324.03  19.62943
8325.27  20.53583
8326.51  20.00206
8327.75  20.7024
8328.99  20.76895
8330.23  20.96549
8331.47  21.93894
8332.71  21.52125
8333.95  21.63287
8335.19  22.18068
8336.44  22.63126
8337.68  23.47203
8338.92  22.58014
8340.16  22.46843
8341.40  23.36492
8342.64  23.86755
8343.88  24.73778
8345.12  24.58312
8346.36  24.26532
8347.60  25.27827
8348.84  25.70483
8350.08  26.69129
8351.33  26.19703
8352.57  25.7925
8353.81  26.97547
8355.05  28.18945
8356.29  29.21684
8357.53  29.90872
8358.77  31.32297
8360.01  33.98075
8361.25  37.85796
8362.49  51.59129
8363.73  84.18993
8364.98  119.7622
8366.22  129.8859
8367.46  107.8387
8368.70  90.23195
8369.94  97.17693
8371.18  142.5954
8372.42  238.9004
8373.66  473.6941
8374.90  1186.096
8376.14  2472.058
8377.38  3291.208
8378.62  2755.984
8379.87  1563.542
8381.11  716.9717
8382.35  398.0911
8383.59  230.0316
8384.83  155.4206
8386.07  105.4698
8387.31  70.91593
8388.55  54.09165
8389.79  43.04288
8391.03  36.77452
8392.27  34.20214
8393.52  32.85249
8394.76  32.59724
8396.00  31.04454
8397.24  31.29637
8398.48  31.08913
8399.72  29.9811
8400.96  29.83079
8402.20  29.3398
8403.44  29.55986
8404.68  29.13916
8405.92  29.70984
8407.17  30.93809
8408.41  32.00661
8409.65  33.2997
8410.89  37.12149
8412.13  46.57953
8413.37  66.06541
8414.61  117.5112
8415.85  253.5651
8417.09  479.9271
8418.33  576.4655
8419.57  473.1509
8420.81  264.6392
8422.06  138.1397
8423.30  83.14088
8424.54  57.5033
8425.78  45.64615
8427.02  37.15213
8428.26  30.64688
8429.50  27.59299
8430.74  26.11121
8431.98  25.24795
8433.22  24.49304
8434.46  23.84224
8435.71  23.33672
8436.95  23.44963
8438.19  23.61437
8439.43  23.08615
8440.67  22.88372
8441.91  22.73616
8443.15  22.16388
8444.39  23.04663
8445.63  23.5463
8446.87  22.40551
8448.11  22.31311
8449.35  22.94805
8450.60  22.87987
8451.84  23.21591
8453.08  22.94281
8454.32  22.59179
8455.56  22.91285
8456.80  23.90698
8458.04  26.67477
8459.28  29.54141
8460.52  42.13284
8461.76  65.72923
8463.00  84.95428
8464.25  78.64536
8465.49  55.84632
8466.73  38.65872
8467.97  30.83168
8469.21  27.30376
8470.45  26.45933
8471.69  25.45695
8472.93  24.54484
8474.17  24.2865
8475.41  23.86602
8476.65  25.08651
8477.89  25.43186
8479.14  26.15995
8480.38  28.78567
8481.62  34.34112
8482.86  46.75441
8484.10  55.98315
8485.34  56.95349
8486.58  53.65002
8487.82  58.96824
8489.06  81.88992
8490.30  130.984
8491.54  277.9893
8492.79  695.7122
8494.03  1433.146
8495.27  1828.486
8496.51  1503.418
8497.75  857.4319
8498.99  413.2247
8500.23  229.5337
8501.47  138.6955
8502.71  98.53089
8503.95  69.04659
8505.19  49.02324
8506.44  38.7254
8507.68  32.09741
8508.92  28.86876
8510.16  26.37885
8511.40  24.82664
8512.64  24.22969
8513.88  23.81542
8515.12  24.35993
8516.36  23.33477
8517.60  22.23892
8518.84  22.11055
8520.08  22.19151
8521.33  22.58779
8522.57  21.75966
8523.81  21.73619
8525.05  21.6361
8526.29  20.88831
8527.53  21.35852
8528.77  21.28074
8530.01  20.3587
8531.25  19.74403
8532.49  20.47643
8533.73  20.97387
8534.98  20.30932
8536.22  20.47758
8537.46  20.41117
8538.70  20.17224
8539.94  21.88748
8541.18  24.72503
8542.42  32.45369
8543.66  44.6241
8544.90  48.06788
8546.14  41.2444
8547.38  31.12648
8548.62  24.77244
8549.87  22.25875
8551.11  20.95506
8552.35  20.45716
8553.59  19.72014
8554.83  19.26194
8556.07  19.13684
8557.31  18.52938
8558.55  19.48671
8559.79  19.90331
8561.03  19.48893
8562.27  19.26364
8563.52  19.41492
8564.76  20.75569
8566.00  21.67183
8567.24  22.56584
8568.48  30.29639
8569.72  44.2194
8570.96  55.70677
8572.20  53.51894
8573.44  41.0639
8574.68  29.76633
8575.92  26.12422
8577.16  24.77723
8578.41  25.52437
8579.65  28.4852
8580.89  35.80161
8582.13  45.07444
8583.37  48.57023
8584.61  49.83381
8585.85  56.14888
8587.09  84.3364
8588.33  202.8925
8589.57  422.2114
8590.81  614.1971
8592.06  580.8599
8593.30  377.1202
8594.54  199.3127
8595.78  110.7806
8597.02  71.58781
8598.26  52.42254
8599.50  41.27229
8600.74  33.84914
8601.98  29.32033
8603.22  26.89574
8604.46  24.96587
8605.71  24.57316
8606.95  24.12132
8608.19  23.76578
8609.43  23.79182
8610.67  24.22511
8611.91  24.40849
8613.15  24.38338
8614.39  24.44891
8615.63  24.95632
8616.87  25.17637
8618.11  24.70146
8619.35  25.42156
8620.60  26.2045
8621.84  27.40793
8623.08  28.57202
8624.32  29.19349
8625.56  30.99371
8626.80  33.76757
8628.04  40.46806
8629.28  54.61005
8630.52  91.24777
8631.76  219.5158
8633.00  444.3558
8634.25  643.41
8635.49  600.0353
8636.73  401.1942
8637.97  213.1414
8639.21  123.4112
8640.45  81.81676
8641.69  65.93268
8642.93  59.49315
8644.17  68.26198
8645.41  92.24998
8646.65  116.4638
8647.89  123.1804
8649.14  123.6629
8650.38  171.5024
8651.62  390.4683
8652.86  800.4551
8654.10  1102.061
8655.34  1033.245
8656.58  671.5149
8657.82  363.4272
8659.06  196.5191
8660.30  120.1555
8661.54  83.43163
8662.79  62.56358
8664.03  48.77202
8665.27  39.75427
8666.51  34.62417
8667.75  31.09023
8668.99  29.5444
8670.23  29.18645
8671.47  29.90783
8672.71  31.85902
8673.95  35.0411
8675.19  44.68686
8676.43  73.80776
8677.68  140.8761
8678.92  226.7469
8680.16  304.2285
8681.40  325.1837
8682.64  272.5668
8683.88  182.2639
8685.12  105.49
8686.36  67.32806
8687.60  46.8439
8688.84  37.44119
8690.08  32.18272
8691.33  28.56448
8692.57  26.54356
8693.81  24.04608
8695.05  23.34813
8696.29  23.14375
8697.53  22.32426
8698.77  23.49183
8700.01  25.25033
8701.25  34.0971
8702.49  49.561
8703.73  61.79367
8704.98  59.79982
8706.22  45.0377
8707.46  33.4959
8708.70  26.68102
8709.94  23.44627
8711.18  22.51172
8712.42  21.84348
8713.66  21.52619
8714.90  20.69109
8716.14  19.79688
8717.38  20.54171
8718.62  20.0522
8719.87  19.78727
8721.11  19.76847
8722.35  19.36344
8723.59  20.65055
8724.83  20.34888
8726.07  19.41955
8727.31  19.50659
8728.55  19.75813
8729.79  20.69987
8731.03  20.36539
8732.27  19.8579
8733.52  19.82083
8734.76  19.51756
8736.00  20.44155
8737.24  20.32694
8738.48  19.82072
8739.72  20.42396
8740.96  20.1349
8742.20  20.93881
8743.44  21.74187
8744.68  20.72081
8745.92  20.97341
8747.16  21.17184
8748.41  21.48086
8749.65  22.42613
8750.89  21.14213
8752.13  21.6896
8753.37  22.25247
8754.61  22.18375
8755.85  23.57825
8757.09  23.11238
8758.33  23.5476
8759.57  24.39037
8760.81  24.6916
8762.06  26.10327
8763.30  25.87711
8764.54  27.43905
8765.78  30.24358
8767.02  36.28857
8768.26  52.05312
8769.50  86.67302
8770.74  125.9566
8771.98  141.2015
8773.22  124.4823
8774.46  108.2373
8775.70  122.0297
8776.95  220.3897
8778.19  500.3615
8779.43  874.9577
8780.67  1130.046
8781.91  1134.724
8783.15  995.6656
8784.39  761.2321
8785.63  500.3605
8786.87  291.7457
8788.11  172.6412
8789.35  108.9946
8790.60  78.06718
8791.84  59.09218
8793.08  47.36263
8794.32  39.22122
8795.56  33.05231
8796.80  29.44471
8798.04  26.91491
8799.28  25.56433
8800.52  25.53749
8801.76  24.16258
8803.00  24.55182
8804.25  24.27177
8805.49  23.52467
8806.73  24.06237
8807.97  23.29792
8809.21  22.91467
8810.45  22.04834
8811.69  21.99571
8812.93  22.94513
8814.17  21.64774
8815.41  21.72071
8816.65  20.79532
8817.89  20.7581
8819.14  21.69558
8820.38  20.4623
8821.62  20.34256
8822.86  20.47548
8824.10  19.9323
8825.34  20.63951
8826.58  20.65804
8827.82  21.74048
8829.06  24.14819
8830.30  25.62732
8831.54  26.63098
8832.79  24.86051
8834.03  21.8723
8835.27  20.87836
8836.51  19.7385
8837.75  20.61945
8838.99  21.23624
8840.23  20.41577
8841.47  20.74397
8842.71  21.23883
8843.95  22.83959
8845.19  23.50298
8846.43  24.69526
8847.68  29.98267
8848.92  41.46716
8850.16  77.83139
8851.40  178.9632
8852.64  317.8581
8853.88  381.7325
8855.12  331.6398
8856.36  218.1873
8857.60  130.6559
8858.84  79.05551
8860.08  59.37254
8861.33  57.78596
8862.57  90.34053
8863.81  161.1653
8865.05  225.684
8866.29  229.4913
8867.53  170.579
8868.77  109.619
8870.01  66.41438
8871.25  43.0222
8872.49  32.97439
8873.73  27.26077
8874.97  22.97272
8876.22  20.29522
8877.46  18.61011
8878.70  16.95332
8879.94  16.00154
8881.18  16.03584
8882.42  16.03306
8883.66  15.46755
8884.90  15.03872
8886.14  14.67048
8887.38  14.69627
8888.62  15.0079
8889.87  14.2298
8891.11  13.75098
8892.35  13.82176
8893.59  13.4951
8894.83  13.91128
8896.07  13.88404
8897.31  13.57338
8898.55  13.3133
8899.79  12.99317
8901.03  13.75586
8902.27  13.40592
8903.52  12.14684
8904.76  12.62359
8906.00  12.77925
8907.24  12.94635
8908.48  12.80293
8909.72  12.56187
8910.96  12.91961
8912.20  13.45307
8913.44  14.8597
8914.68  17.64044
8915.92  26.53015
8917.16  50.07101
8918.41  78.9626
8919.65  91.86254
8920.89  76.74076
8922.13  53.39066
8923.37  34.58872
8924.61  23.3158
8925.85  18.58905
8927.09  16.07188
8928.33  13.67793
8929.57  13.67294
8930.81  20.90069
8932.06  17.56399
8933.30  10.52026
8934.54  10.85106
8935.78  10.40402
8937.02  10.19467
8938.26  10.49363
8939.50  10.52315
8940.74  10.02462
8941.98  9.197718
8943.22  8.795454
8944.46  9.573383
8945.70  8.783736
8946.95  8.59556
8948.19  8.716827
8949.43  8.376773
8950.67  9.309527
8951.91  9.059729
8953.15  8.665373
8954.39  8.681738
8955.63  8.152279
8956.87  8.811694
8958.11  8.385342
8959.35  8.307164
8960.60  8.323118
8961.84  7.752788
8963.08  8.181707
8964.32  8.007297
8965.56  7.785038
8966.80  7.68601
8968.04  7.4407
8969.28  8.121592
8970.52  8.147195
8971.76  8.184349
8973.00  7.996141
8974.24  7.631398
8975.49  8.255112
8976.73  8.13982
8977.97  7.380176
8979.21  7.344515
8980.45  7.121089
8981.69  8.032194
8982.93  9.015083
8984.17  9.340795
8985.41  12.68374
8986.65  19.12919
8987.89  25.40265
8989.14  26.58293
8990.38  21.33683
8991.62  16.27483
8992.86  13.92996
8994.10  10.22365
8995.34  9.997469
8996.58  8.597771
8997.82  8.246022
8999.06  7.928797
9000.30  8.093925
9001.54  8.882265
9002.78  8.451036
9004.03  7.506731
9005.27  7.636282
9006.51  7.97037
9007.75  8.327861
9008.99  8.379774
9010.23  8.057313
9011.47  7.426136
9012.71  6.946027
9013.95  8.372835
9015.19  8.560464
9016.43  7.778464
9017.68  7.542134
9018.92  7.442714
9020.16  7.182408
9021.40  7.794571
9022.64  7.735695
9023.88  7.217075
9025.12  7.13171
9026.36  8.132719
9027.60  8.578696
9028.84  7.638242
9030.08  7.605066
9031.33  7.173632
9032.57  7.861003
9033.81  8.611753
9035.05  7.529638
9036.29  7.553825
9037.53  7.431978
9038.77  7.544209
9040.01  8.008202
9041.25  7.377326
9042.49  7.690147
9043.73  7.736264
9044.97  7.364277
9046.22  7.924052
9047.46  7.142249
9048.70  7.072286
9049.94  7.716485
9051.18  7.829066
9052.42  8.05479
9053.66  7.895463
9054.90  6.98082
9056.14  7.099347
9057.38  6.877733
9058.62  8.145151
9059.87  7.68857
9061.11  7.049359
9062.35  7.300394
9063.59  6.934548
9064.83  7.238995
9066.07  7.376386
9067.31  6.87919
9068.55  7.682716
9069.79  7.331203
9071.03  7.926046
9072.27  7.914574
9073.51  7.133309
9074.76  7.471291
9076.00  7.211278
9077.24  7.605581
9078.48  7.978208
9079.72  7.249861
9080.96  7.34441
9082.20  7.246714
9083.44  7.406401
9084.68  8.128011
9085.92  7.70559
9087.16  7.576774
9088.41  7.58336
9089.65  7.630253
9090.89  7.837729
9092.13  7.460724
9093.37  8.008539
9094.61  7.308731
9095.85  6.963381
9097.09  8.136171
9098.33  7.880618
9099.57  7.899906
9100.81  7.631844
9102.05  6.944598
9103.30  7.629433
9104.54  7.943258
9105.78  7.218284
9107.02  7.258905
9108.26  7.835047
9109.50  9.02314
9110.74  8.310893
9111.98  7.797461
9113.22  7.892906
9114.46  7.178113
9115.70  8.32286
9116.95  8.435017
9118.19  7.451517
9119.43  7.865134
9120.67  7.353113
9121.91  8.011468
9123.15  8.57426
9124.39  8.206042
9125.63  8.478536
9126.87  8.321767
9128.11  8.549091
9129.35  8.845629
9130.60  8.312448
9131.84  8.442227
9133.08  8.112081
9134.32  8.334911
9135.56  9.401431
9136.80  8.755387
9138.04  9.221424
9139.28  9.553605
9140.52  9.800293
9141.76  11.24289
9143.00  12.66082
9144.24  14.91802
9145.49  24.06147
9146.73  54.84123
9147.97  94.00948
9149.21  107.006
9150.45  83.32565
9151.69  55.14225
9152.93  33.55978
9154.17  23.92975
9155.41  18.02557
9156.65  13.9061
9157.89  11.60847
9159.14  9.55566
9160.38  10.31369
9161.62  9.777278
9162.86  9.103312
9164.10  8.991381
9165.34  8.655489
9166.58  9.049712
9167.82  9.082909
9169.06  9.165735
9170.30  9.103732
9171.54  8.795867
9172.78  9.597306
9174.03  9.259954
9175.27  8.708144
9176.51  9.112334
9177.75  8.665083
9178.99  9.146126
9180.23  9.808773
9181.47  9.220009
9182.71  9.248798
9183.95  9.197952
9185.19  9.221519
9186.43  9.640197
9187.68  9.474299
9188.92  9.277588
9190.16  9.456399
9191.40  9.696121
9192.64  10.83492
9193.88  10.47286
9195.12  11.39192
9196.36  12.36014
9197.60  13.802
9198.84  22.27449
9200.08  47.91544
9201.32  69.52013
9202.57  74.40797
9203.81  54.96713
9205.05  38.94763
9206.29  24.83985
9207.53  18.54045
9208.77  15.58271
9210.01  13.2841
9211.25  12.83415
9212.49  12.51258
9213.73  11.31464
9214.97  12.53603
9216.22  13.57569
9217.46  23.26021
9218.70  42.47728
9219.94  61.36148
9221.18  64.96211
9222.42  52.21458
9223.66  38.21218
9224.90  31.82526
9226.14  30.78902
9227.38  28.46582
9228.62  22.56729
9229.87  17.35144
9231.11  14.60926
9232.35  11.59821
9233.59  10.84408
9234.83  9.907329
9236.07  9.233798
9237.31  10.23459
9238.55  9.770505
9239.79  9.043209
9241.03  8.687723
9242.27  9.090075
9243.51  9.401367
9244.76  8.677556
9246.00  8.2633
9247.24  8.610765
9248.48  8.58996
9249.72  9.503587
9250.96  8.889926
9252.20  8.524355
9253.44  8.130182
9254.68  8.129649
9255.92  9.802928
9257.16  9.123003
9258.41  8.184167
9259.65  8.892796
9260.89  8.474544
9262.13  9.131666
9263.37  9.316288
9264.61  8.358213
9265.85  8.394752
9267.09  8.022033
9268.33  8.59148
9269.57  9.455031
9270.81  9.256858
9272.05  9.460874
9273.30  10.41891
9274.54  12.90879
9275.78  15.2375
9277.02  13.9874
9278.26  11.51529
9279.50  10.2356
9280.74  9.263563
9281.98  10.00556
9283.22  9.565177
9284.46  9.152543
9285.70  8.878061
9286.95  8.791713
9288.19  9.233289
9289.43  8.889398
9290.67  8.949821
9291.91  9.431434
9293.15  9.528755
9294.39  10.59704
9295.63  11.22469
9296.87  13.46289
9298.11  21.32096
9299.35  41.88226
9300.59  58.68406
9301.84  58.71379
9303.08  45.23146
9304.32  31.42759
9305.56  20.9396
9306.80  17.36856
9308.04  17.06748
9309.28  18.42878
9310.52  19.09188
9311.76  22.36269
9313.00  28.20789
9314.24  30.60534
9315.49  26.12803
9316.73  19.68032
9317.97  14.77314
9319.21  13.17406
9320.45  13.37287
9321.69  12.97059
9322.93  14.32999
9324.17  23.28441
9325.41  40.0272
9326.65  49.58419
9327.89  45.04801
9329.14  32.19212
9330.38  23.69167
9331.62  15.95318
9332.86  14.10489
9334.10  12.1802
9335.34  11.0596
9336.58  9.705296
9337.82  8.684029
9339.06  9.057289
9340.30  8.750331
9341.54  8.414207
9342.78  7.888522
9344.03  8.171558
9345.27  8.584735
9346.51  8.048141
9347.75  8.35663
9348.99  8.335029
9350.23  7.417383
9351.47  8.535595
9352.71  8.243875
9353.95  7.318167
9355.19  7.470583
9356.43  7.752249
9357.68  7.963434
9358.92  7.539189
9360.16  7.096855
9361.40  6.940419
9362.64  6.779201
9363.88  7.981412
9365.12  8.312914
9366.36  7.362676
9367.60  7.763089
9368.84  8.129072
9370.08  8.781601
9371.32  12.15766
9372.57  16.0504
9373.81  17.22015
9375.05  15.11879
9376.29  11.66695
9377.53  10.37561
9378.77  8.702903
9380.01  8.12307
9381.25  7.805233
9382.49  7.601434
9383.73  8.732909
9384.97  7.271097
9386.22  7.082578
9387.46  7.925108
9388.70  6.900203
9389.94  7.274687
9391.18  7.437664
9392.42  7.151077
9393.66  7.011929
9394.90  6.913985
9396.14  8.274748
9397.38  7.529766
9398.62  7.049339
9399.86  7.173386
9401.11  6.666716
9402.35  7.394243
9403.59  7.508117
9404.83  6.926232
9406.07  6.955972
9407.31  6.91098
9408.55  7.262746
9409.79  7.191744
9411.03  7.038085
9412.27  7.444901
9413.51  7.349464
9414.76  7.574155
9416.00  7.911415
9417.24  7.779447
9418.48  8.149191
9419.72  8.322603
9420.96  9.413844
9422.20  13.24653
9423.44  20.63828
9424.68  31.15828
9425.92  35.04246
9427.16  29.22558
9428.41  22.85593
9429.65  16.16141
9430.89  11.99783
9432.13  10.63883
9433.37  10.3359
9434.61  10.04003
9435.85  8.548244
9437.09  8.182995
9438.33  7.840464
9439.57  7.37756
9440.81  8.091829
9442.05  7.460052
9443.30  7.521045
9444.54  8.007213
9445.78  7.154731
9447.02  7.463048
9448.26  7.495535
9449.50  7.05579
9450.74  6.845951
9451.98  6.747239
9453.22  7.78947
9454.46  8.415097
9455.70  8.997648
9456.95  12.37799
9458.19  17.71381
9459.43  21.09645
9460.67  19.33648
9461.91  15.42662
9463.15  12.17058
9464.39  9.226634
9465.63  9.138483
9466.87  9.372991
9468.11  7.725783
9469.35  7.57022
9470.59  7.270591
9471.84  7.428868
9473.08  7.884633
9474.32  7.07874
9475.56  7.087491
9476.80  7.242989
9478.04  6.860036
9479.28  8.333144
9480.52  7.893044
9481.76  7.780521
9483.00  8.495586
9484.24  11.92492
9485.49  18.96452
9486.73  21.97311
9487.97  21.01444
9489.21  16.82936
9490.45  13.36428
9491.69  11.32803
9492.93  9.79808
9494.17  8.584381
9495.41  8.175845
9496.65  7.633222
9497.89  7.804556
9499.13  8.468306
9500.38  7.762979
9501.62  7.220607
9502.86  6.779441
9504.10  7.4503
9505.34  7.88586
9506.58  6.445702
9507.82  6.847916
9509.06  7.213017
9510.30  6.873524
9511.54  6.987123
9512.78  6.781677
9514.03  6.969502
9515.27  6.771585
9516.51  7.524912
9517.75  7.796384
9518.99  7.058792
9520.23  7.32112
9521.47  7.347288
9522.71  7.248476
9523.95  8.326021
9525.19  7.655537
9526.43  7.619896
9527.68  7.553224
9528.92  8.273735
9530.16  10.85852
9531.40  14.66481
9532.64  24.82874
9533.88  32.96847
9535.12  33.86306
9536.36  27.2596
9537.60  19.94599
9538.84  14.62356
9540.08  12.41819
9541.32  10.72408
9542.57  11.19233
9543.81  10.90272
9545.05  12.33785
9546.29  16.87903
9547.53  19.3888
9548.77  18.83666
9550.01  16.04533
9551.25  12.49403
9552.49  10.14254
9553.73  8.475237
9554.97  8.387278
9556.22  8.465444
9557.46  7.644156
9558.70  7.278548
9559.94  6.320005
9561.18  6.556949
9562.42  7.567982
9563.66  6.827111
9564.90  6.480844
9566.14  6.102204
9567.38  6.427793
9568.62  7.072989
9569.86  6.426516
9571.11  6.515711
9572.35  6.352509
9573.59  6.571277
9574.83  7.530936
9576.07  6.1251
9577.31  6.22406
9578.55  6.85747
9579.79  5.918337
9581.03  7.029675
9582.27  6.555011
9583.51  5.754039
9584.76  6.211846
9586.00  6.276477
9587.24  6.614741
9588.48  6.47014
9589.72  6.52729
9590.96  6.55758
9592.20  6.059425
9593.44  6.580589
9594.68  6.785076
9595.92  6.112763
9597.16  6.273251
9598.40  5.764314
9599.65  6.510247
9600.89  7.154766
9602.13  6.395675
9603.37  6.075399
9604.61  5.792623
9605.85  6.506234
9607.09  6.764674
9608.33  6.141275
9609.57  6.56203
9610.81  6.070853
9612.05  6.078296
9613.30  7.002728
9614.54  6.259698
9615.78  6.127681
9617.02  6.356291
9618.26  6.489859
9619.50  6.74704
9620.74  6.237442
9621.98  6.251585
9623.22  5.582389
9624.46  5.723871
9625.70  6.853734
9626.94  6.294317
9628.19  6.052694
9629.43  6.050819
9630.67  5.990065
9631.91  7.196009
9633.15  6.051865
9634.39  5.792881
9635.63  6.284628
9636.87  5.717768
9638.11  6.853979
9639.35  6.654532
9640.59  5.841292
9641.84  6.070567
9643.08  5.694528
9644.32  7.701317
9645.56  7.369845
9646.80  6.253253
9648.04  6.530678
9649.28  5.725236
9650.52  6.478234
9651.76  7.009471
9653.00  6.115468
9654.24  6.568165
9655.49  6.729211
9656.73  7.630517
9657.97  8.392218
9659.21  8.181201
9660.45  8.887511
9661.69  10.22029
9662.93  18.30984
9664.17  32.10956
9665.41  40.77501
9666.65  39.68842
9667.89  30.68027
9669.13  22.97779
9670.38  16.88562
9671.62  13.02092
9672.86  11.04414
9674.10  10.13963
9675.34  9.4523
9676.58  9.351965
9677.82  7.565895
9679.06  7.115376
9680.30  6.602816
9681.54  7.067077
9682.78  7.811554
9684.03  6.814226
9685.27  5.958184
9686.51  6.162827
9687.75  6.108638
9688.99  7.023991
9690.23  6.617653
9691.47  6.420423
9692.71  6.033059
9693.95  5.596023
9695.19  6.527989
9696.43  6.438052
9697.67  5.50832
9698.92  5.710826
9700.16  5.855509
9701.40  6.61576
9702.64  6.731551
9703.88  5.974409
9705.12  5.596301
9706.36  5.421579
9707.60  5.888521
9708.84  6.363466
9710.08  5.701415
9711.32  5.507253
9712.57  5.257602
9713.81  5.557212
9715.05  6.463195
9716.29  5.394102
9717.53  5.302996
9718.77  5.286375
9720.01  5.42503
9721.25  6.170602
9722.49  5.417523
9723.73  5.897337
9724.97  5.771265
9726.21  5.214367
9727.46  6.17937
9728.70  5.661911
9729.94  5.259419
9731.18  5.550059
9732.42  5.293395
9733.66  6.278223
9734.90  5.75713
9736.14  5.63287
9737.38  5.811399
9738.62  5.24956
9739.86  5.898733
9741.11  5.836476
9742.35  5.090773
9743.59  5.613639
9744.83  5.113143
9746.07  6.035772
9747.31  5.802854
9748.55  5.059342
9749.79  5.484993
9751.03  5.185224
9752.27  5.937279
9753.51  5.837214
9754.76  5.369667
9756.00  4.918889
9757.24  4.694879
9758.48  5.268497
9759.72  5.358698
9760.96  5.408944
9762.20  5.456718
9763.44  4.972493
9764.68  5.4442
9765.92  6.120679
9767.16  5.400982
9768.40  5.206409
9769.65  5.162154
9770.89  5.061948
9772.13  5.947381
9773.37  5.048243
9774.61  5.087839
9775.85  5.146796
9777.09  4.539331
9778.33  5.464733
9779.57  5.331961
9780.81  5.167052
9782.05  5.197317
9783.30  4.855384
9784.54  5.846067
9785.78  5.218841
9787.02  5.101137
9788.26  5.102593
9789.50  4.404411
9790.74  5.545464
9791.98  4.93185
9793.22  4.933361
9794.46  5.094996
9795.70  4.463054
9796.94  5.056523
9798.19  5.508126
9799.43  5.159044
9800.67  5.239996
9801.91  4.428563
9803.15  5.496059
9804.39  6.045244
9805.63  5.631049
9806.87  5.154598
9808.11  4.675734
9809.35  5.18218
9810.59  5.587734
9811.84  5.370472
9813.08  5.177965
9814.32  4.589007
9815.56  5.306499
9816.80  5.768356
9818.04  4.890027
9819.28  5.138361
9820.52  4.789105
9821.76  4.885153
9823.00  5.893919
9824.24  5.29034
9825.48  5.062297
9826.73  4.977766
9827.97  5.074505
9829.21  5.848397
9830.45  5.112832
9831.69  4.887144
9832.93  4.8428
9834.17  4.844844
9835.41  5.891784
9836.65  5.507108
9837.89  4.852212
9839.13  4.80638
9840.38  5.276438
9841.62  5.872069
9842.86  5.103935
9844.10  5.082217
9845.34  5.103071
9846.58  4.816711
9847.82  5.611866
9849.06  5.816541
9850.30  5.047612
9851.54  4.877322
9852.78  4.445673
9854.03  5.492664
9855.27  5.558043
9856.51  5.18147
9857.75  5.090401
9858.99  4.70188
9860.23  5.29229
9861.47  5.58119
9862.71  5.153223
9863.95  4.922146
9865.19  4.575787
9866.43  5.027317
9867.67  5.617815
9868.92  5.017724
9870.16  4.506945
9871.40  4.227484
9872.64  4.691823
9873.88  5.331155
9875.12  5.08956
9876.36  5.08534
9877.60  4.496793
9878.84  4.409811
9880.08  5.164147
9881.32  5.292513
9882.57  5.483814
9883.81  5.003929
9885.05  4.636087
9886.29  5.8231
9887.53  5.388271
9888.77  4.704071
9890.01  4.640057
9891.25  4.807128
9892.49  5.484677
9893.73  5.250903
9894.97  5.072608
9896.21  5.244961
9897.46  4.952505
9898.70  5.371653
9899.94  5.32725
9901.18  5.266021
9902.42  5.443209
9903.66  4.613678
9904.90  5.266859
9906.14  5.06048
9907.38  4.706059
9908.62  4.951742
9909.86  4.23159
9911.11  5.754184
9912.35  5.570672
9913.59  4.467274
9914.83  5.302138
9916.07  5.401515
9917.31  5.523367
9918.55  5.35066
9919.79  5.01936
9921.03  5.031875
9922.27  4.631692
9923.51  5.610017
9924.75  6.015863
9926.00  4.990824
9927.24  4.987146
9928.48  4.72377
9929.72  5.382078
9930.96  6.2271
9932.20  5.181785
9933.44  4.671838
9934.68  4.387252
9935.92  4.885754
9937.16  5.563462
9938.40  4.679679
9939.65  4.543839
9940.89  4.893903
9942.13  4.224155
9943.37  5.415159
9944.61  4.671066
9945.85  4.498023
9947.09  5.144833
9948.33  4.575881
9949.57  5.361364
9950.81  5.171409
9952.05  4.733499
9953.30  5.011753
9954.54  4.383118
9955.78  5.29744
9957.02  5.019599
9958.26  4.995679
9959.50  4.950763
9960.74  4.639626
9961.98  5.312655
9963.22  4.964201
9964.46  4.714947
9965.70  4.847843
9966.94  4.553638
9968.19  5.220448
9969.43  4.804043
9970.67  4.525636
9971.91  4.932442
9973.15  4.539632
9974.39  5.225409
9975.63  5.368158
9976.87  4.507173
9978.11  4.683744
9979.35  4.560083
9980.59  5.410804
9981.84  5.085837
9983.08  3.984394
9984.32  4.777013
9985.56  4.603643
9986.80  4.8681
9988.04  5.503073
9989.28  4.854468
9990.52  4.97396
9991.76  4.651561
9993.00  4.459082
9994.24  5.028423
9995.48  4.909216
9996.73  5.118742
9997.97  4.99598
9999.21  4.746726
10000.45  5.08337
10001.69  4.498133
10002.93  4.553275
10004.17  4.771104
10005.41  4.745825
10006.65  5.464316
10007.89  4.93033
10009.13  4.522044
10010.38  4.643257
10011.62  4.696508
10012.86  5.137452
10014.10  5.124626
10015.34  4.321626
10016.58  4.366438
10017.82  4.209326
10019.06  5.400207
10020.30  4.576346
10021.54  4.42972
10022.78  5.072725
10024.02  4.269597
10025.27  5.465322
10026.51  5.34347
10027.75  4.943629
10028.99  5.230989
10030.23  4.343574
10031.47  5.416356
10032.71  5.205517
10033.95  4.88715
10035.19  4.815956
10036.43  4.681645
10037.67  5.311173
10038.92  4.943108
10040.16  4.524916
10041.40  4.770981
10042.64  4.002359
10043.88  4.796895
10045.12  5.772493
10046.36  4.843253
10047.60  4.455518
10048.84  4.246069
10050.08  4.590669
10051.32  5.374467
10052.57  5.02223
10053.81  4.435295
10055.05  4.426822
10056.29  5.308291
10057.53  5.377354
10058.77  4.402106
10060.01  4.353523
10061.25  4.439007
10062.49  4.732196
10063.73  5.153633
10064.97  4.395587
10066.21  4.283564
10067.46  4.512491
10068.70  4.325944
10069.94  5.091791
10071.18  4.636754
10072.42  4.546976
10073.66  4.307035
10074.90  3.581831
10076.14  5.087157
10077.38  4.788424
10078.62  4.376543
10079.86  4.382343
10081.11  4.193376
10082.35  5.184482
10083.59  5.413064
10084.83  4.581201
10086.07  5.166984
10087.31  4.258348
10088.55  5.142885
10089.79  4.993492
10091.03  4.946942
10092.27  4.963484
10093.51  3.906848
10094.75  4.96456
10096.00  5.04715
10097.24  4.481764
10098.48  4.356637
10099.72  3.879786
10100.96  4.910116
10102.20  5.207795
10103.44  4.863482
10104.68  4.569865
10105.92  4.055089
10107.16  4.66667
10108.40  5.032372
10109.65  4.45072
10110.89  4.375625
10112.13  4.096965
10113.37  4.895436
10114.61  5.231122
10115.85  4.301514
10117.09  4.720472
10118.33  4.439748
10119.57  4.308787
10120.81  4.803748
10122.05  4.115273
10123.29  4.19998
10124.54  4.077786
10125.78  4.608
10127.02  5.640499
10128.26  4.521553
10129.50  4.177764
10130.74  4.594805
10131.98  4.853803
10133.22  5.417372
10134.46  5.214153
10135.70  4.608782
10136.94  4.542191
10138.19  4.651438
10139.43  5.084306
10140.67  5.111247
10141.91  5.023845
10143.15  4.38286
10144.39  3.917159
10145.63  4.70327
10146.87  4.230289
10148.11  4.25656
10149.35  4.46308
10150.59  4.162251
10151.84  5.158865
10153.08  4.505517
10154.32  4.209036
10155.56  4.227001
10156.80  3.988957
10158.04  4.790159
10159.28  4.601679
10160.52  4.202765
10161.76  4.79693
10163.00  4.027678
10164.24  4.542504
10165.48  4.796463
10166.73  3.912117
10167.97  4.497768
10169.21  4.213884
10170.45  4.951
10171.69  4.879519
10172.93  4.662993
10174.17  4.38261
10175.41  3.699487
10176.65  4.521263
10177.89  4.932038
10179.13  4.137012
10180.38  4.301413
10181.62  4.294194
10182.86  4.533524
10184.10  4.718224
10185.34  4.161576
10186.58  4.171218
10187.82  4.033161
10189.06  4.368108
10190.30  4.427535
10191.54  3.915239
10192.78  4.494809
10194.02  4.216993
10195.27  4.696306
10196.51  5.85179
10197.75  4.88773
10198.99  4.624563
10200.23  4.734159
10201.47  4.83024
10202.71  4.857178
10203.95  4.129816
10205.19  4.344175
10206.43  4.50424
10207.67  4.487238
10208.92  4.827511
10210.16  4.387618
10211.40  4.208191
10212.64  3.882488
10213.88  4.169599
10215.12  4.984539
10216.36  4.450672
10217.60  3.849983
10218.84  4.443361
10220.08  3.755607
10221.32  4.41198
10222.56  4.266642
10223.81  4.247449
10225.05  3.915577
10226.29  3.439403
10227.53  4.878886
10228.77  4.592707
10230.01  3.841516
10231.25  3.744408
10232.49  3.274877
10233.73  4.242429
10234.97  4.28554
10236.21  3.811339
10237.46  4.104102
10238.70  3.693332
10239.94  4.048308
10241.18  4.116867
10242.42  4.850636
