3947.46  4.046557
3948.70  2.364051
3949.94  2.397526
3951.18  2.449088
3952.42  3.169011
3953.67  3.588918
3954.91  2.224021
3956.15  2.59045
3957.39  2.445658
3958.63  3.091507
3959.87  4.329638
3961.11  3.951435
3962.35  2.619768
3963.59  3.127908
3964.83  3.103891
3966.07  2.905516
3967.32  2.730664
3968.56  2.559617
3969.80  2.596054
3971.04  3.500882
3972.28  2.434847
3973.52  2.365348
3974.76  3.121644
3976.00  2.865053
3977.24  3.582324
3978.48  2.570675
3979.72  2.811868
3980.96  2.885507
3982.21  3.04504
3983.45  3.532363
3984.69  2.744133
3985.93  3.141564
3987.17  2.38997
3988.41  3.103313
3989.65  3.755848
3990.89  2.566276
3992.13  2.640895
3993.37  2.956432
3994.61  3.424378
3995.86  3.50486
3997.10  2.417514
3998.34  2.571878
3999.58  3.000634
4000.82  3.375765
4002.06  2.983431
4003.30  2.704608
4004.54  2.787862
4005.78  2.44905
4007.02  3.165035
4008.26  2.963722
4009.50  2.455914
4010.75  2.499295
4011.99  2.771743
4013.23  3.736063
4014.47  3.029695
4015.71  3.095922
4016.95  3.190581
4018.19  3.107972
4019.43  3.659586
4020.67  2.548287
4021.91  2.760276
4023.15  2.242123
4024.40  2.86508
4025.64  3.867313
4026.88  3.079434
4028.12  3.111686
4029.36  3.187314
4030.60  3.302166
4031.84  3.453254
4033.08  3.000904
4034.32  3.417224
4035.56  2.818007
4036.80  3.417758
4038.05  3.298227
4039.29  3.067522
4040.53  3.811662
4041.77  2.98652
4043.01  3.807768
4044.25  3.634474
4045.49  3.350599
4046.73  3.046453
4047.97  3.034373
4049.21  4.483434
4050.45  3.05175
4051.69  3.364612
4052.94  3.098136
4054.18  2.923615
4055.42  4.563941
4056.66  2.780959
4057.90  3.469805
4059.14  2.740278
4060.38  3.792457
4061.62  4.112471
4062.86  2.821412
4064.10  3.30211
4065.34  3.179374
4066.59  3.156621
4067.83  3.103181
4069.07  2.91967
4070.31  3.034589
4071.55  2.935369
4072.79  3.43658
4074.03  3.513628
4075.27  2.602133
4076.51  2.790039
4077.75  2.622772
4078.99  3.30899
4080.23  3.214628
4081.48  2.622233
4082.72  3.400745
4083.96  3.423185
4085.20  4.012883
4086.44  3.54349
4087.68  3.06589
4088.92  3.054981
4090.16  3.196204
4091.40  3.861826
4092.64  2.810463
4093.88  2.7306
4095.13  3.316942
4096.37  3.419729
4097.61  3.617379
4098.85  2.191812
4100.09  2.663139
4101.33  2.952387
4102.57  2.958005
4103.81  3.877722
4105.05  2.25813
4106.29  2.380935
4107.53  2.865004
4108.77  3.004998
4110.02  4.057902
4111.26  3.025196
4112.50  2.806065
4113.74  3.646808
4114.98  3.776631
4116.22  3.187815
4117.46  2.218033
4118.70  2.985629
4119.94  2.46814
4121.18  3.558639
4122.42  3.942644
4123.67  2.821645
4124.91  3.486331
4126.15  3.131996
4127.39  3.685072
4128.63  3.607532
4129.87  2.890016
4131.11  3.448693
4132.35  3.406915
4133.59  3.800979
4134.83  3.193489
4136.07  2.727553
4137.32  3.01404
4138.56  2.919792
4139.80  4.297779
4141.04  3.394453
4142.28  2.447949
4143.52  3.09589
4144.76  3.829221
4146.00  4.063898
4147.24  2.185663
4148.48  2.924336
4149.72  3.402987
4150.96  3.227654
4152.21  4.052231
4153.45  3.477747
4154.69  4.166159
4155.93  4.889977
4157.17  5.718434
4158.41  6.70222
4159.65  5.467354
4160.89  5.208137
4162.13  4.231809
4163.37  3.747968
4164.61  3.846839
4165.86  2.552931
4167.10  2.855583
4168.34  2.877094
4169.58  3.609995
4170.82  3.337881
4172.06  2.758928
4173.30  3.338541
4174.54  3.016189
4175.78  3.61837
4177.02  3.618868
4178.26  3.325703
4179.50  3.593143
4180.75  3.380071
4181.99  3.67302
4183.23  3.587389
4184.47  2.981601
4185.71  3.240473
4186.95  3.609533
4188.19  3.884609
4189.43  3.667508
4190.67  4.267864
4191.91  4.425477
4193.15  4.47735
4194.40  4.735217
4195.64  3.665589
4196.88  4.693532
4198.12  6.069692
4199.36  6.893466
4200.60  7.727942
4201.84  6.03537
4203.08  4.724
4204.32  3.683408
4205.56  3.560578
4206.80  3.838326
4208.04  2.974222
4209.29  3.224864
4210.53  2.344324
4211.77  3.578226
4213.01  3.804789
4214.25  2.155198
4215.49  2.578183
4216.73  2.581225
4217.97  3.186159
4219.21  3.266064
4220.45  2.246783
4221.69  3.113913
4222.94  3.111138
4224.18  3.131169
4225.42  3.289876
4226.66  2.819087
4227.90  2.915977
4229.14  2.46329
4230.38  3.5474
4231.62  3.024078
4232.86  2.290077
4234.10  3.109314
4235.34  2.694585
4236.59  3.682366
4237.83  3.085289
4239.07  2.012456
4240.31  2.387651
4241.55  2.660519
4242.79  3.305755
4244.03  2.849463
4245.27  3.204299
4246.51  3.508382
4247.75  3.246303
4248.99  3.774146
4250.23  2.984002
4251.48  3.248596
4252.72  3.497306
4253.96  3.219008
4255.20  4.025722
4256.44  3.374804
4257.68  3.808395
4258.92  3.649946
4260.16  4.196669
4261.40  4.335688
4262.64  3.513464
4263.88  3.556397
4265.13  3.956621
4266.37  3.917557
4267.61  4.761107
4268.85  3.853632
4270.09  4.500981
4271.33  4.560698
4272.57  5.055946
4273.81  4.522113
4275.05  2.878792
4276.29  3.171487
4277.53  3.361187
4278.77  3.638175
4280.02  3.261244
4281.26  2.703912
4282.50  3.081713
4283.74  3.076322
4284.98  3.597214
4286.22  3.873307
4287.46  2.987301
4288.70  3.224298
4289.94  3.566503
4291.18  4.005595
4292.42  3.485281
4293.67  2.429244
4294.91  2.801502
4296.15  2.971309
4297.39  4.249013
4298.63  4.010738
4299.87  3.77683
4301.11  4.075425
4302.35  3.511481
4303.59  3.976916
4304.83  3.218856
4306.07  2.593652
4307.31  2.737532
4308.56  3.286019
4309.80  3.909732
4311.04  3.335206
4312.28  2.923596
4313.52  2.793896
4314.76  3.076044
4316.00  4.279295
4317.24  2.773705
4318.48  3.529818
4319.72  2.940565
4320.96  2.897837
4322.21  4.046414
4323.45  3.257181
4324.69  3.176571
4325.93  3.597094
4327.17  3.628415
4328.41  4.407602
4329.65  3.005035
4330.89  3.653467
4332.13  3.588719
4333.37  4.267354
4334.61  4.593272
4335.85  3.708272
4337.10  3.570673
4338.34  2.79892
4339.58  3.527647
4340.82  3.394694
4342.06  2.727072
4343.30  3.518654
4344.54  3.471452
4345.78  3.887442
4347.02  3.977739
4348.26  2.611897
4349.50  3.004969
4350.75  3.23357
4351.99  3.204123
4353.23  3.263238
4354.47  2.697282
4355.71  3.111355
4356.95  2.605742
4358.19  3.362135
4359.43  3.322701
4360.67  2.880474
4361.91  3.37504
4363.15  3.063798
4364.40  3.793224
4365.64  3.222438
4366.88  2.475741
4368.12  2.884139
4369.36  3.130897
4370.60  3.700968
4371.84  3.267866
4373.08  3.118359
4374.32  3.105661
4375.56  3.022574
4376.80  4.169958
4378.04  3.59801
4379.29  3.099306
4380.53  3.225822
4381.77  3.570586
4383.01  4.252527
4384.25  2.83482
4385.49  3.044535
4386.73  2.881892
4387.97  3.393316
4389.21  4.069448
4390.45  2.943825
4391.69  3.413957
4392.94  3.277806
4394.18  3.265001
4395.42  3.692329
4396.66  2.432553
4397.90  2.449076
4399.14  3.53281
4400.38  3.042067
4401.62  4.01202
4402.86  3.054695
4404.10  2.722089
4405.34  3.059808
4406.58  3.741238
4407.83  3.826673
4409.07  2.630894
4410.31  3.071136
4411.55  2.655288
4412.79  3.509805
4414.03  3.79207
4415.27  2.989225
4416.51  3.015038
4417.75  2.669558
4418.99  3.292954
4420.23  3.817669
4421.48  3.453879
4422.72  3.159686
4423.96  2.731017
4425.20  3.119724
4426.44  3.610426
4427.68  2.857462
4428.92  3.197106
4430.16  2.658408
4431.40  2.987153
4432.64  3.385383
4433.88  2.955693
4435.12  3.417259
4436.37  3.093941
4437.61  3.500834
4438.85  3.867071
4440.09  2.995825
4441.33  3.365737
4442.57  3.172768
4443.81  3.753808
4445.05  3.228238
4446.29  2.609424
4447.53  3.628292
4448.77  3.201184
4450.02  3.59064
4451.26  4.020631
4452.50  3.243106
4453.74  3.287015
4454.98  3.050653
4456.22  3.27105
4457.46  3.204135
4458.70  3.354339
4459.94  3.235681
4461.18  3.024091
4462.42  3.949714
4463.67  3.421246
4464.91  3.272958
4466.15  3.239932
4467.39  2.735435
4468.63  4.338364
4469.87  3.87354
4471.11  2.832586
4472.35  2.845307
4473.59  3.154491
4474.83  4.196286
4476.07  3.198121
4477.31  3.265363
4478.56  3.72528
4479.80  3.35467
4481.04  3.913237
4482.28  3.115016
4483.52  3.060631
4484.76  2.987367
4486.00  2.9974
4487.24  3.896552
4488.48  2.877764
4489.72  2.757274
4490.96  2.935278
4492.21  3.203552
4493.45  3.748823
4494.69  2.921618
4495.93  3.151305
4497.17  3.181889
4498.41  3.086371
4499.65  4.258172
4500.89  3.199933
4502.13  2.964128
4503.37  3.312793
4504.61  2.621473
4505.85  3.581983
4507.10  2.759405
4508.34  2.894077
4509.58  2.996284
4510.82  3.601837
4512.06  3.666084
4513.30  3.298097
4514.54  3.750848
4515.78  3.189388
4517.02  3.368194
4518.26  4.248065
4519.50  2.977381
4520.75  3.190354
4521.99  3.040835
4523.23  3.57554
4524.47  3.303383
4525.71  2.704653
4526.95  2.937658
4528.19  3.365996
4529.43  3.611435
4530.67  3.644035
4531.91  2.188339
4533.15  2.623368
4534.39  2.939281
4535.64  3.655221
4536.88  3.559896
4538.12  2.912973
4539.36  3.968894
4540.60  3.348975
4541.84  3.659547
4543.08  3.953474
4544.32  3.260942
4545.56  3.836592
4546.80  3.19069
4548.04  3.894928
4549.29  3.857404
4550.53  2.733028
4551.77  2.861332
4553.01  2.563718
4554.25  3.360062
4555.49  3.317169
4556.73  2.503932
4557.97  2.953247
4559.21  2.790013
4560.45  3.235591
4561.69  3.485826
4562.94  3.239953
4564.18  3.204829
4565.42  3.062933
4566.66  4.001853
4567.90  3.51539
4569.14  2.807049
4570.38  3.428185
4571.62  3.158461
4572.86  3.313387
4574.10  3.411704
4575.34  3.11695
4576.58  3.115014
4577.83  3.080287
4579.07  4.012718
4580.31  3.43842
4581.55  2.884758
4582.79  3.354383
4584.03  3.178401
4585.27  3.946913
4586.51  3.503214
4587.75  2.413272
4588.99  2.991392
4590.23  3.839879
4591.48  3.67587
4592.72  2.969234
4593.96  2.668092
4595.20  3.166708
4596.44  3.596007
4597.68  4.073833
4598.92  2.702693
4600.16  2.548156
4601.40  3.209337
4602.64  3.175698
4603.88  4.168559
4605.12  3.155968
4606.37  2.833849
4607.61  3.149609
4608.85  3.231291
4610.09  3.629406
4611.33  2.959705
4612.57  3.573624
4613.81  3.943045
4615.05  3.518536
4616.29  3.784657
4617.53  3.107214
4618.77  3.328276
4620.02  3.370119
4621.26  3.058079
4622.50  3.154742
4623.74  3.202398
4624.98  3.464718
4626.22  3.607699
4627.46  3.082816
4628.70  4.103924
4629.94  3.573161
4631.18  3.163033
4632.42  2.725267
4633.66  3.241481
4634.91  4.245798
4636.15  3.046022
4637.39  3.040152
4638.63  3.326566
4639.87  3.859173
4641.11  3.76111
4642.35  2.497616
4643.59  3.284876
4644.83  3.890023
4646.07  3.476544
4647.31  3.628295
4648.56  2.47012
4649.80  3.018302
4651.04  3.062649
4652.28  2.745162
4653.52  4.173565
4654.76  3.198078
4656.00  3.224885
4657.24  3.255679
4658.48  3.491921
4659.72  4.348988
4660.96  3.193476
4662.21  3.38971
4663.45  3.268162
4664.69  3.371738
4665.93  3.860189
4667.17  3.004521
4668.41  3.248235
4669.65  3.054784
4670.89  3.100327
4672.13  3.659772
4673.37  2.777416
4674.61  3.532032
4675.85  2.796829
4677.10  3.266018
4678.34  4.396082
4679.58  2.964996
4680.82  3.281633
4682.06  3.730818
4683.30  3.563922
4684.54  4.215166
4685.78  3.190871
4687.02  3.211757
4688.26  3.225225
4689.50  3.644335
4690.75  3.811122
4691.99  2.925985
4693.23  2.896816
4694.47  3.063267
4695.71  3.418175
4696.95  3.900985
4698.19  2.944815
4699.43  3.309237
4700.67  3.025092
4701.91  3.705375
4703.15  4.577786
4704.39  3.200327
4705.64  3.718565
4706.88  3.424211
4708.12  3.824019
4709.36  3.705966
4710.60  2.402362
4711.84  3.683192
4713.08  3.437414
4714.32  3.383465
4715.56  3.795507
4716.80  2.731359
4718.04  3.049061
4719.29  3.277784
4720.53  3.703537
4721.77  4.165308
4723.01  2.289937
4724.25  3.318692
4725.49  3.362109
4726.73  2.920614
4727.97  3.184544
4729.21  2.461844
4730.45  3.302805
4731.69  2.931369
4732.93  3.200619
4734.18  3.303208
4735.42  2.954743
4736.66  3.490825
4737.90  3.133131
4739.14  3.302653
4740.38  3.475424
4741.62  2.681056
4742.86  2.92751
4744.10  2.873775
4745.34  3.163328
4746.58  3.957074
4747.83  2.950855
4749.07  3.215217
4750.31  3.111238
4751.55  3.892635
4752.79  3.899913
4754.03  2.764874
4755.27  3.419093
4756.51  3.044439
4757.75  3.438792
4758.99  3.572041
4760.23  2.767353
4761.48  3.483898
4762.72  3.554297
4763.96  3.794228
4765.20  3.626401
4766.44  2.687845
4767.68  3.168272
4768.92  3.199084
4770.16  3.57162
4771.40  4.060304
4772.64  2.936984
4773.88  3.726481
4775.12  3.132618
4776.37  3.660399
4777.61  4.035978
4778.85  2.693178
4780.09  3.038304
4781.33  2.914286
4782.57  3.601359
4783.81  3.648395
4785.05  3.070148
4786.29  3.064847
4787.53  2.684298
4788.77  3.825851
4790.02  3.786132
4791.26  2.722009
4792.50  3.256852
4793.74  3.550689
4794.98  4.405818
4796.22  3.789861
4797.46  2.601676
4798.70  2.930007
4799.94  2.974473
4801.18  3.860421
4802.42  3.8871
4803.66  2.979114
4804.91  2.882041
4806.15  2.936532
4807.39  3.770765
4808.63  3.897353
4809.87  3.105392
4811.11  3.283454
4812.35  3.212145
4813.59  3.512928
4814.83  3.633169
4816.07  2.836889
4817.31  3.201396
4818.56  3.25508
4819.80  3.542797
4821.04  3.512956
4822.28  2.754957
4823.52  2.788268
4824.76  3.237202
4826.00  3.719009
4827.24  3.760226
4828.48  2.738266
4829.72  3.698331
4830.96  3.827187
4832.20  3.981395
4833.45  3.683251
4834.69  2.486694
4835.93  2.991751
4837.17  2.806672
4838.41  3.367052
4839.65  3.729999
4840.89  2.624094
4842.13  2.756489
4843.37  2.854324
4844.61  4.028493
4845.85  3.763255
4847.10  2.732755
4848.34  3.429719
4849.58  2.996343
4850.82  3.729059
4852.06  3.817285
4853.30  2.654252
4854.54  3.299117
4855.78  3.132966
4857.02  3.408224
4858.26  3.697134
4859.50  3.130735
4860.75  3.479492
4861.99  2.707214
4863.23  3.195622
4864.47  3.037976
4865.71  2.406797
4866.95  3.095345
4868.19  3.041043
4869.43  3.398085
4870.67  3.308885
4871.91  3.260753
4873.15  3.497535
4874.39  3.043458
4875.64  3.771855
4876.88  4.282583
4878.12  3.049685
4879.36  3.106799
4880.60  2.976383
4881.84  3.481373
4883.08  3.447719
4884.32  3.330236
4885.56  4.19241
4886.80  3.238135
4888.04  3.202137
4889.29  3.581506
4890.53  2.613942
4891.77  2.84485
4893.01  3.211111
4894.25  4.047318
4895.49  3.752564
4896.73  2.913728
4897.97  3.036617
4899.21  3.504597
4900.45  3.517105
4901.69  3.654695
4902.93  2.829721
4904.18  3.365649
4905.42  3.577698
4906.66  3.742185
4907.90  3.747848
4909.14  2.862083
4910.38  3.595663
4911.62  3.890258
4912.86  3.725805
4914.10  3.488496
4915.34  2.530363
4916.58  3.044801
4917.83  2.617532
4919.07  3.529
4920.31  3.630152
4921.55  2.920618
4922.79  3.690025
4924.03  3.111278
4925.27  3.622766
4926.51  3.540403
4927.75  2.619252
4928.99  3.023911
4930.23  2.962209
4931.47  3.6665
4932.72  3.877321
4933.96  2.956071
4935.20  3.102801
4936.44  3.128476
4937.68  4.100119
4938.92  3.570127
4940.16  3.342304
4941.40  4.000357
4942.64  2.814789
4943.88  3.351885
4945.12  3.676923
4946.37  3.160747
4947.61  3.938487
4948.85  2.950499
4950.09  3.827733
4951.33  3.450645
4952.57  2.43697
4953.81  3.282297
4955.05  3.111785
4956.29  3.731424
4957.53  4.170931
4958.77  3.041548
4960.01  3.398879
4961.26  3.491319
4962.50  3.880048
4963.74  3.501916
4964.98  2.96749
4966.22  3.711242
4967.46  2.897898
4968.70  3.510012
4969.94  3.688989
4971.18  2.481664
4972.42  3.043373
4973.66  3.109114
4974.91  3.676597
4976.15  4.023596
4977.39  2.725765
4978.63  3.232447
4979.87  3.329643
4981.11  3.962788
4982.35  3.796135
4983.59  3.18912
4984.83  3.557151
4986.07  3.312579
4987.31  3.435678
4988.56  3.468724
4989.80  2.636349
4991.04  3.538378
4992.28  3.350023
4993.52  3.13152
4994.76  3.796584
4996.00  2.592934
4997.24  3.230175
4998.48  3.004335
4999.72  3.73787
5000.96  3.679618
5002.20  2.597632
5003.45  3.02014
5004.69  2.799182
5005.93  3.43749
5007.17  3.926552
5008.41  2.643202
5009.65  3.281331
5010.89  2.993747
5012.13  3.499816
5013.37  3.607112
5014.61  3.224808
5015.85  3.302873
5017.10  3.47225
5018.34  3.590522
5019.58  4.396768
5020.82  3.127226
5022.06  2.969168
5023.30  2.734919
5024.54  3.532969
5025.78  3.74675
5027.02  2.93437
5028.26  3.355832
5029.50  3.325868
5030.74  3.552083
5031.99  4.258103
5033.23  2.826482
5034.47  3.008641
5035.71  3.929699
5036.95  3.449455
5038.19  3.816619
5039.43  2.689733
5040.67  3.662935
5041.91  3.230719
5043.15  3.434866
5044.39  3.659511
5045.64  2.767051
5046.88  3.342123
5048.12  3.402814
5049.36  3.68829
5050.60  3.899146
5051.84  2.985016
5053.08  3.243463
5054.32  3.462301
5055.56  3.331983
5056.80  4.19917
5058.04  2.887124
5059.28  2.97495
5060.53  3.258652
5061.77  3.597859
5063.01  4.109156
5064.25  3.331794
5065.49  3.337874
5066.73  2.98654
5067.97  3.344409
5069.21  3.993021
5070.45  2.949049
5071.69  3.19391
5072.93  2.902018
5074.18  3.440683
5075.42  4.297273
5076.66  3.164243
5077.90  2.635452
5079.14  2.953148
5080.38  3.391782
5081.62  4.452846
5082.86  3.073589
5084.10  3.61261
5085.34  2.874852
5086.58  3.325444
5087.83  4.022469
5089.07  2.831665
5090.31  3.214378
5091.55  3.271907
5092.79  2.97855
5094.03  3.758832
5095.27  2.940638
5096.51  2.967516
5097.75  3.558618
5098.99  3.700155
5100.23  4.502
5101.47  3.227236
5102.72  2.628966
5103.96  3.180237
5105.20  2.965631
5106.44  3.915269
5107.68  2.733127
5108.92  2.852466
5110.16  3.198774
5111.40  3.179224
5112.64  4.189884
5113.88  3.477807
5115.12  2.886466
5116.37  2.982043
5117.61  3.580118
5118.85  3.738581
5120.09  6.835945
5121.33  5.538517
5122.57  3.430135
5123.81  3.503513
5125.05  5.440525
5126.29  4.017924
5127.53  3.493006
5128.77  3.162596
5130.01  2.849977
5131.26  3.836113
5132.50  3.488083
5133.74  3.081956
5134.98  3.416714
5136.22  3.379078
5137.46  3.944071
5138.70  3.369865
5139.94  2.548347
5141.18  2.792082
5142.42  3.435439
5143.66  4.138996
5144.91  3.30777
5146.15  2.669886
5147.39  2.963094
5148.63  3.204072
5149.87  4.000567
5151.11  3.636732
5152.35  3.494479
5153.59  3.243258
5154.83  2.958299
5156.07  4.102861
5157.31  3.352084
5158.55  2.568959
5159.80  3.325985
5161.04  3.388416
5162.28  3.753108
5163.52  3.17552
5164.76  2.474805
5166.00  2.935235
5167.24  3.055734
5168.48  3.780347
5169.72  3.437603
5170.96  2.914898
5172.20  3.671869
5173.45  3.357676
5174.69  3.457994
5175.93  3.611598
5177.17  3.396297
5178.41  3.496349
5179.65  3.06746
5180.89  3.700961
5182.13  3.735543
5183.37  3.643947
5184.61  3.005314
5185.85  3.324921
5187.10  3.362654
5188.34  3.41091
5189.58  3.64952
5190.82  3.193565
5192.06  2.926277
5193.30  3.415761
5194.54  3.786422
5195.78  5.083508
5197.02  3.343
5198.26  3.070481
5199.50  3.566659
5200.74  3.62304
5201.99  3.445524
5203.23  2.955774
5204.47  2.839686
5205.71  2.946302
5206.95  2.998346
5208.19  3.379706
5209.43  3.151498
5210.67  3.067536
5211.91  2.789403
5213.15  3.428482
5214.39  3.50334
5215.64  3.049483
5216.88  2.948738
5218.12  2.944736
5219.36  3.412466
5220.60  3.191911
5221.84  3.26512
5223.08  3.084587
5224.32  2.977131
5225.56  3.230815
5226.80  2.930263
5228.04  3.102757
5229.28  3.123237
5230.53  3.308047
5231.77  3.280365
5233.01  2.786026
5234.25  3.108103
5235.49  3.160428
5236.73  3.074632
5237.97  3.31448
5239.21  2.899973
5240.45  3.258971
5241.69  3.447253
5242.93  3.084074
5244.18  3.552708
5245.42  2.712173
5246.66  3.103255
5247.90  2.854339
5249.14  2.963239
5250.38  3.562569
5251.62  2.803663
5252.86  3.415068
5254.10  3.110049
5255.34  3.04234
5256.58  3.40329
5257.82  2.882655
5259.07  3.316949
5260.31  3.196681
5261.55  3.475131
5262.79  3.421177
5264.03  2.476486
5265.27  3.545278
5266.51  3.27163
5267.75  2.913455
5268.99  3.223403
5270.23  2.651394
5271.47  3.377554
5272.72  3.659441
5273.96  3.3612
5275.20  3.279359
5276.44  2.847247
5277.68  3.358593
5278.92  3.407203
5280.16  3.487296
5281.40  3.346962
5282.64  2.741307
5283.88  3.418001
5285.12  3.299025
5286.37  3.584172
5287.61  3.885639
5288.85  3.191337
5290.09  3.643001
5291.33  3.221066
5292.57  3.22963
5293.81  3.350643
5295.05  2.760761
5296.29  3.445711
5297.53  3.48909
5298.77  3.471992
5300.01  3.29593
5301.26  2.771873
5302.50  3.360509
5303.74  3.329887
5304.98  3.53616
5306.22  3.187937
5307.46  2.769867
5308.70  3.478287
5309.94  3.328272
5311.18  3.624799
5312.42  3.471498
5313.66  2.993853
5314.91  3.117097
5316.15  3.246096
5317.39  3.557889
5318.63  2.964373
5319.87  2.764978
5321.11  3.299804
5322.35  3.544666
5323.59  3.607746
5324.83  3.092844
5326.07  3.011236
5327.31  3.117311
5328.55  3.385905
5329.80  3.226155
5331.04  2.83022
5332.28  2.927845
5333.52  2.921496
5334.76  3.417075
5336.00  3.539867
5337.24  2.844137
5338.48  2.881496
5339.72  3.1008
5340.96  3.435979
5342.20  3.739931
5343.45  3.008861
5344.69  2.655368
5345.93  3.252238
5347.17  3.60149
5348.41  3.550658
5349.65  2.751225
5350.89  2.718258
5352.13  2.954472
5353.37  3.626042
5354.61  3.686418
5355.85  2.970022
5357.09  3.046139
5358.34  3.048142
5359.58  3.563562
5360.82  3.565483
5362.06  2.894658
5363.30  3.085603
5364.54  2.776549
5365.78  3.480815
5367.02  3.383017
5368.26  2.928751
5369.50  3.357324
5370.74  2.846019
5371.99  3.767441
5373.23  3.628418
5374.47  2.793308
5375.71  2.883509
5376.95  3.124089
5378.19  3.817528
5379.43  3.608404
5380.67  2.831073
5381.91  3.124155
5383.15  2.730583
5384.39  3.748189
5385.64  3.478763
5386.88  2.67121
5388.12  3.210472
5389.36  2.911633
5390.60  4.00971
5391.84  3.753658
5393.08  3.208863
5394.32  3.337137
5395.56  2.915985
5396.80  3.584785
5398.04  3.05182
5399.28  3.065423
5400.53  3.340852
5401.77  2.998914
5403.01  4.03735
5404.25  3.610671
5405.49  2.767737
5406.73  3.134284
5407.97  3.039343
5409.21  3.945421
5410.45  3.264147
5411.69  2.889533
5412.93  3.637818
5414.18  3.299086
5415.42  3.960145
5416.66  3.240824
5417.90  2.862854
5419.14  3.27629
5420.38  3.309653
5421.62  3.885789
5422.86  3.399025
5424.10  3.417166
5425.34  3.397918
5426.58  3.050179
5427.82  3.485979
5429.07  3.38322
5430.31  2.844925
5431.55  2.974513
5432.79  3.499964
5434.03  4.146401
5435.27  3.453155
5436.51  3.351097
5437.75  3.452554
5438.99  3.176558
5440.23  3.636326
5441.47  3.259155
5442.72  2.954792
5443.96  3.218555
5445.20  3.322094
5446.44  3.523223
5447.68  2.902789
5448.92  3.210269
5450.16  3.514274
5451.40  3.48519
5452.64  3.99844
5453.88  3.565406
5455.12  3.090327
5456.36  3.358126
5457.61  3.601429
5458.85  3.475689
5460.09  3.212096
5461.33  3.087074
5462.57  3.251203
5463.81  3.586682
5465.05  3.723193
5466.29  3.320158
5467.53  3.370824
5468.77  3.165066
5470.01  3.311062
5471.26  3.5494
5472.50  3.270759
5473.74  3.660073
5474.98  3.245082
5476.22  3.171552
5477.46  3.31276
5478.70  3.576349
5479.94  3.584729
5481.18  3.204898
5482.42  3.310108
5483.66  3.380139
5484.91  2.984609
5486.15  2.931105
5487.39  3.145844
5488.63  3.541021
5489.87  3.470099
5491.11  3.397458
5492.35  3.596012
5493.59  3.54483
5494.83  4.085032
5496.07  4.207781
5497.31  3.81408
5498.55  3.693217
5499.80  3.284495
5501.04  3.651478
5502.28  3.611561
5503.52  3.556119
5504.76  3.623666
5506.00  3.589325
5507.24  3.869856
5508.48  3.33882
5509.72  3.397035
5510.96  3.297257
5512.20  3.03173
5513.45  3.2718
5514.69  3.240682
5515.93  3.39581
5517.17  3.726389
5518.41  3.284739
5519.65  3.819647
5520.89  3.499242
5522.13  3.397685
5523.37  3.30762
5524.61  3.082792
5525.85  3.660634
5527.09  3.454998
5528.34  3.323226
5529.58  3.700368
5530.82  3.141613
5532.06  3.305117
5533.30  3.534235
5534.54  3.703182
5535.78  3.589882
5537.02  3.354563
5538.26  3.654102
5539.50  3.277586
5540.74  3.186438
5541.99  3.303718
5543.23  3.116755
5544.47  3.536824
5545.71  2.971311
5546.95  3.271029
5548.19  3.575789
5549.43  3.233404
5550.67  3.813819
5551.91  3.249202
5553.15  3.273941
5554.39  3.48053
5555.63  3.457168
5556.88  4.177174
5558.12  4.027154
5559.36  4.438443
5560.60  4.384334
5561.84  3.622474
5563.08  3.747477
5564.32  3.073795
5565.56  3.302771
5566.80  3.75111
5568.04  3.401691
5569.28  3.680985
5570.53  3.326089
5571.77  3.600343
5573.01  3.900748
5574.25  3.626949
5575.49  3.962623
5576.73  2.885309
5577.97  3.251589
5579.21  3.589517
5580.45  3.207268
5581.69  3.872394
5582.93  3.284087
5584.17  3.285668
5585.42  3.742629
5586.66  3.517529
5587.90  3.492721
5589.14  3.048028
5590.38  3.327705
5591.62  3.533605
5592.86  3.509166
5594.10  3.642849
5595.34  3.300413
5596.58  3.559022
5597.82  3.7755
5599.07  3.392843
5600.31  3.888448
5601.55  3.100339
5602.79  3.667946
5604.03  4.176617
5605.27  4.06329
5606.51  4.504111
5607.75  3.985864
5608.99  3.806934
5610.23  4.03312
5611.47  3.499186
5612.72  3.747839
5613.96  3.069485
5615.20  2.705769
5616.44  3.643131
5617.68  3.49155
5618.92  3.947846
5620.16  3.441484
5621.40  3.362132
5622.64  3.501339
5623.88  3.381862
5625.12  3.568439
5626.36  2.716956
5627.61  2.923528
5628.85  3.654636
5630.09  3.475009
5631.33  3.610315
5632.57  3.277853
5633.81  3.024368
5635.05  3.339982
5636.29  3.605796
5637.53  3.818805
5638.77  3.194633
5640.01  3.068439
5641.26  3.178148
5642.50  3.610559
5643.74  3.844282
5644.98  2.986124
5646.22  3.118685
5647.46  3.651864
5648.70  3.850102
5649.94  3.933624
5651.18  3.485144
5652.42  3.483245
5653.66  3.577999
5654.90  3.82865
5656.15  4.079467
5657.39  3.311985
5658.63  3.089134
5659.87  3.67164
5661.11  3.735103
5662.35  3.89765
5663.59  3.04878
5664.83  3.151756
5666.07  3.403816
5667.31  3.453415
5668.55  3.56895
5669.80  3.101444
5671.04  2.992742
5672.28  3.153326
5673.52  3.787601
5674.76  4.050077
5676.00  3.180752
5677.24  2.880692
5678.48  3.38068
5679.72  3.847332
5680.96  3.959306
5682.20  3.29618
5683.44  3.549682
5684.69  3.447385
5685.93  3.689512
5687.17  3.665716
5688.41  3.291412
5689.65  3.424881
5690.89  3.431751
5692.13  3.942088
5693.37  3.594607
5694.61  3.113542
5695.85  3.150485
5697.09  3.450369
5698.34  3.796467
5699.58  3.657339
5700.82  3.332791
5702.06  3.24519
5703.30  3.081245
5704.54  3.698651
5705.78  3.546474
5707.02  3.181452
5708.26  3.456289
5709.50  3.297762
5710.74  3.654816
5711.99  3.653121
5713.23  2.932766
5714.47  3.414267
5715.71  3.069987
5716.95  3.745751
5718.19  3.706603
5719.43  3.11722
5720.67  2.764758
5721.91  2.915519
5723.15  4.180361
5724.39  3.738686
5725.63  3.452017
5726.88  3.420236
5728.12  3.227218
5729.36  3.732097
5730.60  3.690223
5731.84  3.008085
5733.08  3.344023
5734.32  3.062577
5735.56  3.740305
5736.80  3.973336
5738.04  3.42248
5739.28  3.501384
5740.53  3.22993
5741.77  3.914179
5743.01  3.536439
5744.25  2.754705
5745.49  3.126023
5746.73  3.138461
5747.97  3.626898
5749.21  3.756976
5750.45  2.996717
5751.69  3.227642
5752.93  3.019711
5754.17  3.797668
5755.42  3.757271
5756.66  2.923944
5757.90  3.230344
5759.14  2.961273
5760.38  3.304451
5761.62  3.604567
5762.86  3.033076
5764.10  3.098122
5765.34  2.864085
5766.58  3.462358
5767.82  4.15301
5769.07  3.043871
5770.31  3.159388
5771.55  3.151124
5772.79  3.552383
5774.03  3.947488
5775.27  3.009085
5776.51  3.153627
5777.75  3.169766
5778.99  3.357302
5780.23  4.006421
5781.47  3.342417
5782.71  3.303843
5783.96  3.262969
5785.20  3.45585
5786.44  3.989454
5787.68  3.251051
5788.92  3.406294
5790.16  3.48438
5791.40  3.512772
5792.64  4.131617
5793.88  3.363169
5795.12  3.262135
5796.36  2.990285
5797.61  3.296025
5798.85  3.924236
5800.09  3.27
5801.33  3.277452
5802.57  3.10849
5803.81  3.378017
5805.05  3.913778
5806.29  3.207601
5807.53  3.255228
5808.77  3.437308
5810.01  3.424292
5811.26  4.033823
5812.50  3.282106
5813.74  3.335747
5814.98  3.37607
5816.22  3.160145
5817.46  3.757093
5818.70  2.954883
5819.94  3.053253
5821.18  2.734797
5822.42  3.294417
5823.66  4.148193
5824.90  3.459744
5826.15  3.155293
5827.39  3.02864
5828.63  3.440818
5829.87  3.906047
5831.11  2.95288
5832.35  3.092349
5833.59  3.36
5834.83  3.417704
5836.07  4.382944
5837.31  3.582709
5838.55  2.929636
5839.80  2.868526
5841.04  3.198905
5842.28  4.010916
5843.52  3.44173
5844.76  3.318629
5846.00  3.384245
5847.24  3.151208
5848.48  3.970245
5849.72  3.359936
5850.96  3.157218
5852.20  3.376632
5853.44  3.445361
5854.69  3.991594
5855.93  3.541411
5857.17  3.09128
5858.41  3.458295
5859.65  3.595234
5860.89  4.240625
5862.13  3.993289
5863.37  3.328385
5864.61  3.476744
5865.85  3.368353
5867.09  4.085414
5868.34  3.780487
5869.58  3.351059
5870.82  3.213495
5872.06  3.172426
5873.30  4.016713
5874.54  3.507764
5875.78  3.394978
5877.02  3.505718
5878.26  3.150544
5879.50  3.858223
5880.74  3.890584
5881.98  4.099535
5883.23  4.080008
5884.47  3.227887
5885.71  4.122054
5886.95  4.233665
5888.19  3.896111
5889.43  3.870196
5890.67  3.467708
5891.91  4.037171
5893.15  3.915083
5894.39  3.442819
5895.63  3.263514
5896.88  3.402733
5898.12  4.01269
5899.36  3.500426
5900.60  3.14866
5901.84  3.36717
5903.08  2.963309
5904.32  3.468257
5905.56  3.467981
5906.80  3.004194
5908.04  3.171294
5909.28  3.551911
5910.53  4.567533
5911.77  4.834061
5913.01  4.202025
5914.25  3.5744
5915.49  2.921909
5916.73  3.590504
5917.97  3.813067
5919.21  3.544072
5920.45  3.837162
5921.69  3.313701
5922.93  3.417721
5924.17  3.772277
5925.42  3.317492
5926.66  3.244596
5927.90  3.609049
5929.14  4.017845
5930.38  4.029385
5931.62  3.419894
5932.86  3.559577
5934.10  3.423136
5935.34  3.324605
5936.58  3.697303
5937.82  3.062999
5939.07  3.168464
5940.31  3.543107
5941.55  3.876775
5942.79  3.784715
5944.03  3.30476
5945.27  3.61974
5946.51  3.419274
5947.75  3.534725
5948.99  4.06243
5950.23  3.102176
5951.47  3.22878
5952.71  2.909294
5953.96  3.470711
5955.20  3.984067
5956.44  3.14756
5957.68  3.110111
5958.92  3.385796
5960.16  3.615229
5961.40  4.022906
5962.64  3.614572
5963.88  3.169611
5965.12  3.268687
5966.36  4.002627
5967.61  3.981851
5968.85  3.199721
5970.09  3.205584
5971.33  3.586047
5972.57  3.570013
5973.81  3.644119
5975.05  3.155516
5976.29  3.409685
5977.53  3.442916
5978.77  3.69485
5980.01  3.935937
5981.25  3.310218
5982.50  3.264401
5983.74  3.153818
5984.98  3.290709
5986.22  3.663285
5987.46  3.44419
5988.70  3.315843
5989.94  3.501279
5991.18  3.542766
5992.42  3.707433
5993.66  3.488393
5994.90  3.360243
5996.15  3.410512
5997.39  3.664592
5998.63  4.121026
5999.87  3.612832
6001.11  3.476742
6002.35  3.472538
6003.59  3.876407
6004.83  3.906463
6006.07  3.431576
6007.31  3.252534
6008.55  3.492849
6009.80  3.311606
6011.04  3.968849
6012.28  3.592997
6013.52  3.714447
6014.76  3.298625
6016.00  3.515138
6017.24  3.746824
6018.48  3.292874
6019.72  3.545581
6020.96  3.934556
6022.20  3.50942
6023.44  3.70352
6024.69  3.854944
6025.93  3.735495
6027.17  3.505818
6028.41  3.576802
6029.65  4.95039
6030.89  6.551648
6032.13  7.401172
6033.37  6.440082
6034.61  4.931726
6035.85  4.467237
6037.09  4.308399
6038.34  3.780378
6039.58  3.656403
6040.82  4.136346
6042.06  5.194767
6043.30  5.186761
6044.54  4.709857
6045.78  4.266343
6047.02  3.762982
6048.26  3.394318
6049.50  3.49281
6050.74  3.44753
6051.98  3.693293
6053.23  3.695147
6054.47  3.879269
6055.71  3.836156
6056.95  3.730986
6058.19  4.071438
6059.43  4.004312
6060.67  4.208762
6061.91  4.262502
6063.15  3.999145
6064.39  3.601131
6065.63  3.448964
6066.88  3.546622
6068.12  3.716951
6069.36  3.59518
6070.60  3.544269
6071.84  3.351038
6073.08  3.880255
6074.32  3.714473
6075.56  3.708735
6076.80  3.503808
6078.04  3.60049
6079.28  3.636853
6080.52  3.697495
6081.77  3.729667
6083.01  3.790093
6084.25  3.578798
6085.49  3.495016
6086.73  3.768591
6087.97  3.693867
6089.21  3.309123
6090.45  3.609775
6091.69  4.108527
6092.93  4.17766
6094.17  3.791711
6095.42  3.561031
6096.66  3.814343
6097.90  4.194485
6099.14  4.170338
6100.38  3.969782
6101.62  3.585595
6102.86  3.624122
6104.10  4.119339
6105.34  4.428734
6106.58  4.124647
6107.82  4.079838
6109.07  3.706584
6110.31  3.612863
6111.55  3.879596
6112.79  3.698417
6114.03  3.881788
6115.27  3.810843
6116.51  3.699393
6117.75  3.718596
6118.99  3.345818
6120.23  3.405531
6121.47  3.470249
6122.71  3.458385
6123.96  3.810057
6125.20  3.824419
6126.44  3.360198
6127.68  3.435295
6128.92  3.881065
6130.16  3.956429
6131.40  3.820129
6132.64  4.196907
6133.88  3.685058
6135.12  3.619713
6136.36  3.879969
6137.61  3.670314
6138.85  3.696936
6140.09  3.738179
6141.33  3.940066
6142.57  3.835433
6143.81  4.005793
6145.05  4.496626
6146.29  4.231293
6147.53  3.966021
6148.77  3.97638
6150.01  3.928892
6151.25  3.796231
6152.50  3.598066
6153.74  4.001771
6154.98  4.525396
6156.22  3.882205
6157.46  3.466011
6158.70  3.436602
6159.94  3.526957
6161.18  3.980288
6162.42  3.800959
6163.66  3.672551
6164.90  3.402147
6166.15  3.817092
6167.39  4.082073
6168.63  4.210567
6169.87  4.219718
6171.11  4.610994
6172.35  4.508342
6173.59  4.417689
6174.83  4.149855
6176.07  3.657839
6177.31  3.912325
6178.55  3.867584
6179.79  3.947722
6181.04  3.406097
6182.28  3.28683
6183.52  3.095439
6184.76  3.546292
6186.00  4.051627
6187.24  3.758482
6188.48  3.714468
6189.72  3.327038
6190.96  3.698701
6192.20  3.76647
6193.44  3.658461
6194.69  3.869643
6195.93  3.367133
6197.17  3.443486
6198.41  3.920064
6199.65  3.636031
6200.89  3.825644
6202.13  3.574038
6203.37  3.319655
6204.61  3.749912
6205.85  3.699913
6207.09  3.673673
6208.34  3.903883
6209.58  3.955852
6210.82  4.24798
6212.06  4.749403
6213.30  4.550794
6214.54  4.14678
6215.78  4.047993
6217.02  3.981836
6218.26  3.801794
6219.50  3.847232
6220.74  3.855708
6221.98  3.606983
6223.23  4.107996
6224.47  4.145172
6225.71  3.581784
6226.95  3.671074
6228.19  3.653913
6229.43  3.571439
6230.67  3.655474
6231.91  3.841987
6233.15  3.897623
6234.39  3.405992
6235.63  3.574194
6236.88  3.771324
6238.12  3.59932
6239.36  3.735996
6240.60  3.486121
6241.84  3.681486
6243.08  4.156752
6244.32  3.487149
6245.56  3.477299
6246.80  3.720157
6248.04  3.754708
6249.28  3.983711
6250.52  3.957017
6251.77  3.733668
6253.01  3.466495
6254.25  3.566852
6255.49  4.0204
6256.73  3.830947
6257.97  3.641315
6259.21  3.55433
6260.45  3.571477
6261.69  3.933848
6262.93  3.74012
6264.17  3.835767
6265.42  3.572307
6266.66  3.592167
6267.90  4.151773
6269.14  3.805422
6270.38  3.348555
6271.62  3.526437
6272.86  3.629479
6274.10  4.379869
6275.34  3.673933
6276.58  3.831172
6277.82  3.78817
6279.06  3.564652
6280.31  3.914598
6281.55  3.974701
6282.79  3.846846
6284.03  3.375696
6285.27  3.350581
6286.51  4.300111
6287.75  3.887288
6288.99  3.528551
6290.23  3.531552
6291.47  3.706743
6292.71  3.823995
6293.96  4.116343
6295.20  3.954721
6296.44  3.976217
6297.68  3.732838
6298.92  4.055532
6300.16  4.044479
6301.40  3.618805
6302.64  3.517768
6303.88  3.650315
6305.12  4.267582
6306.36  4.202447
6307.60  4.171093
6308.85  3.87612
6310.09  3.761398
6311.33  4.048172
6312.57  4.256668
6313.81  3.739353
6315.05  3.62887
6316.29  3.619428
6317.53  3.823782
6318.77  3.86051
6320.01  3.75724
6321.25  3.678448
6322.50  3.390227
6323.74  3.465029
6324.98  4.034026
6326.22  3.172936
6327.46  3.302727
6328.70  3.469465
6329.94  3.565291
6331.18  4.292627
6332.42  3.707016
6333.66  3.538417
6334.90  3.540425
6336.15  3.660988
6337.39  4.164512
6338.63  3.336224
6339.87  3.415568
6341.11  3.655051
6342.35  3.41901
6343.59  3.919754
6344.83  4.0146
6346.07  3.695826
6347.31  3.493951
6348.55  3.575452
6349.79  4.059369
6351.04  3.548289
6352.28  3.590265
6353.52  3.603929
6354.76  3.324946
6356.00  4.000555
6357.24  3.74366
6358.48  3.527923
6359.72  3.579334
6360.96  3.539362
6362.20  3.954803
6363.44  3.676823
6364.69  3.806027
6365.93  3.736729
6367.17  4.16108
6368.41  6.727619
6369.65  4.061223
6370.89  3.64041
6372.13  3.935328
6373.37  4.267735
6374.61  4.375178
6375.85  3.612193
6377.09  3.399209
6378.33  3.620559
6379.58  3.593614
6380.82  4.185745
6382.06  4.140503
6383.30  4.395242
6384.54  4.366564
6385.78  4.341189
6387.02  4.897027
6388.26  4.051524
6389.50  3.674166
6390.74  3.477197
6391.98  3.516261
6393.23  4.298419
6394.47  3.985897
6395.71  3.615102
6396.95  3.418684
6398.19  3.529822
6399.43  3.844659
6400.67  3.749701
6401.91  3.525464
6403.15  3.588427
6404.39  3.566127
6405.63  4.494443
6406.87  4.016293
6408.12  3.191406
6409.36  3.551758
6410.60  3.794993
6411.84  4.446903
6413.08  4.544502
6414.32  5.911169
6415.56  7.220022
6416.80  7.191479
6418.04  6.538467
6419.28  5.089941
6420.52  3.966402
6421.77  3.932753
6423.01  3.405526
6424.25  3.63124
6425.49  3.72727
6426.73  3.430365
6427.97  3.950745
6429.21  3.975234
6430.45  3.777353
6431.69  4.332909
6432.93  3.596484
6434.17  3.703914
6435.42  3.446831
6436.66  3.427077
6437.90  3.820878
6439.14  3.491138
6440.38  3.380286
6441.62  3.185984
6442.86  3.684126
6444.10  4.022365
6445.34  3.551329
6446.58  3.35872
6447.82  3.179534
6449.06  3.258289
6450.31  3.902414
6451.55  3.865041
6452.79  3.507737
6454.03  3.100458
6455.27  3.199369
6456.51  3.55794
6457.75  3.605272
6458.99  3.430338
6460.23  3.026888
6461.47  3.220268
6462.71  3.656407
6463.96  3.760324
6465.20  3.457694
6466.44  3.323134
6467.68  3.320359
6468.92  3.849512
6470.16  3.658152
6471.40  3.417846
6472.64  3.380985
6473.88  3.242658
6475.12  3.502468
6476.36  3.718712
6477.60  3.361243
6478.85  2.939775
6480.09  2.934453
6481.33  3.670813
6482.57  3.656071
6483.81  3.109914
6485.05  3.075804
6486.29  3.237563
6487.53  3.993235
6488.77  4.159787
6490.01  3.230465
6491.25  3.748184
6492.50  3.873177
6493.74  3.426607
6494.98  4.080541
6496.22  3.654647
6497.46  3.411066
6498.70  3.27103
6499.94  3.398211
6501.18  4.085715
6502.42  3.29437
6503.66  3.137304
6504.90  3.454352
6506.14  3.590105
6507.39  4.23941
6508.63  3.629272
6509.87  3.311119
6511.11  3.683878
6512.35  3.608266
6513.59  4.180977
6514.83  3.501885
6516.07  3.231704
6517.31  3.552887
6518.55  3.95135
6519.79  4.803399
6521.04  3.691747
6522.28  3.717628
6523.52  3.65912
6524.76  3.500569
6526.00  4.350367
6527.24  3.4872
6528.48  3.329264
6529.72  3.31249
6530.96  3.367557
6532.20  4.222812
6533.44  3.761757
6534.69  3.627843
6535.93  3.594106
6537.17  3.576308
6538.41  4.805063
6539.65  3.813109
6540.89  3.720728
6542.13  3.707478
6543.37  3.390927
6544.61  4.197515
6545.85  3.569155
6547.09  3.658876
6548.33  3.636838
6549.58  3.57747
6550.82  4.264638
6552.06  3.652466
6553.30  3.495652
6554.54  3.508714
6555.78  3.906769
6557.02  4.258265
6558.26  4.11754
6559.50  3.473332
6560.74  3.83167
6561.98  3.750229
6563.23  4.07591
6564.47  3.59944
6565.71  3.49212
6566.95  3.212962
6568.19  3.523011
6569.43  4.106376
6570.67  3.803546
6571.91  3.784644
6573.15  3.756137
6574.39  3.562013
6575.63  4.050572
6576.87  3.556738
6578.12  3.751742
6579.36  3.693154
6580.60  3.298248
6581.84  4.037287
6583.08  3.682213
6584.32  3.689237
6585.56  3.964109
6586.80  3.852463
6588.04  4.240857
6589.28  3.847165
6590.52  3.601423
6591.77  3.764204
6593.01  3.8151
6594.25  4.1224
6595.49  3.967474
6596.73  4.045891
6597.97  3.792374
6599.21  4.059519
6600.45  3.81615
6601.69  4.122846
6602.93  3.882982
6604.17  3.90971
6605.41  4.30099
6606.66  4.465871
6607.90  4.043742
6609.14  3.437705
6610.38  3.618036
6611.62  3.654185
6612.86  3.711533
6614.10  3.734353
6615.34  3.639178
6616.58  3.461621
6617.82  3.567734
6619.06  3.732778
6620.31  4.125117
6621.55  4.050303
6622.79  3.857565
6624.03  3.883046
6625.27  3.991301
6626.51  3.807122
6627.75  3.840178
6628.99  3.791389
6630.23  4.378403
6631.47  4.129568
6632.71  3.710919
6633.96  3.953428
6635.20  3.612247
6636.44  4.005226
6637.68  3.614379
6638.92  3.686615
6640.16  4.034742
6641.40  3.75633
6642.64  3.834697
6643.88  3.562304
6645.12  3.646441
6646.36  4.387202
6647.60  4.064192
6648.85  3.936713
6650.09  3.784148
6651.33  3.653224
6652.57  3.944185
6653.81  3.672504
6655.05  3.983665
6656.29  4.150218
6657.53  3.708991
6658.77  4.486045
6660.01  3.978767
6661.25  3.79998
6662.50  3.93602
6663.74  3.991667
6664.98  4.771484
6666.22  3.893422
6667.46  3.915813
6668.70  3.815662
6669.94  3.740221
6671.18  4.719835
6672.42  4.352317
6673.66  5.444552
6674.90  7.357223
6676.14  9.735369
6677.39  12.79613
6678.63  11.0243
6679.87  8.276866
6681.11  5.492237
6682.35  3.894947
6683.59  4.247963
6684.83  4.175187
6686.07  4.287227
6687.31  4.585672
6688.55  3.303153
6689.79  3.913291
6691.04  3.968229
6692.28  4.119361
6693.52  4.045022
6694.76  3.391994
6696.00  4.202254
6697.24  4.246584
6698.48  4.254195
6699.72  4.08044
6700.96  3.508292
6702.20  3.99997
6703.44  3.85119
6704.68  4.0648
6705.93  4.440176
6707.17  3.498792
6708.41  3.992858
6709.65  3.884826
6710.89  3.887992
6712.13  4.122117
6713.37  3.183122
6714.61  3.880191
6715.85  3.898428
6717.09  3.914307
6718.33  4.274021
6719.58  3.714695
6720.82  4.39059
6722.06  3.974408
6723.30  3.738333
6724.54  4.046197
6725.78  3.232112
6727.02  3.784878
6728.26  3.913492
6729.50  3.900532
6730.74  4.307302
6731.98  3.687172
6733.23  3.930891
6734.47  4.105165
6735.71  4.038233
6736.95  4.238759
6738.19  3.640183
6739.43  3.69945
6740.67  3.939691
6741.91  4.184428
6743.15  4.0852
6744.39  3.90859
6745.63  4.055619
6746.87  4.428415
6748.12  4.718512
6749.36  5.520499
6750.60  6.995516
6751.84  10.2219
6753.08  12.92113
6754.32  11.35392
6755.56  8.249399
6756.80  5.366366
6758.04  4.699612
6759.28  4.628095
6760.52  4.301294
6761.77  4.185
6763.01  3.698
6764.25  3.914576
6765.49  4.454143
6766.73  4.518247
6767.97  4.641007
6769.21  4.148298
6770.45  3.984457
6771.69  3.914132
6772.93  4.130329
6774.17  4.200079
6775.41  3.851273
6776.66  3.845551
6777.90  3.965606
6779.14  4.220613
6780.38  4.119842
6781.62  3.782683
6782.86  3.74019
6784.10  3.939489
6785.34  4.327984
6786.58  4.210018
6787.82  3.708479
6789.06  3.846005
6790.31  4.152341
6791.55  4.248723
6792.79  4.462758
6794.03  4.113328
6795.27  3.694074
6796.51  3.975837
6797.75  4.172262
6798.99  4.653216
6800.23  4.009644
6801.47  3.913011
6802.71  3.883449
6803.95  4.475547
6805.20  4.398977
6806.44  3.874205
6807.68  3.975154
6808.92  3.737595
6810.16  4.688778
6811.40  4.422868
6812.64  3.387779
6813.88  3.796416
6815.12  3.857566
6816.36  4.53109
6817.60  4.613817
6818.85  3.70404
6820.09  3.799562
6821.33  3.855345
6822.57  4.606567
6823.81  4.965338
6825.05  4.424624
6826.29  4.384478
6827.53  4.33387
6828.77  4.809834
6830.01  4.937331
6831.25  4.131935
6832.50  4.536675
6833.74  4.366509
6834.98  5.040294
6836.22  4.600818
6837.46  4.30611
6838.70  4.202937
6839.94  3.976754
6841.18  4.687644
6842.42  4.987491
6843.66  4.075313
6844.90  4.258765
6846.14  4.628697
6847.39  5.125117
6848.63  4.769603
6849.87  3.795222
6851.11  4.149382
6852.35  4.29761
6853.59  4.64116
6854.83  4.919887
6856.07  4.030746
6857.31  4.440761
6858.55  3.716211
6859.79  4.418904
6861.04  5.018375
6862.28  4.242286
6863.52  4.475381
6864.76  4.56493
6866.00  4.994961
6867.24  5.690876
6868.48  6.2891
6869.72  8.814037
6870.96  11.80475
6872.20  12.11171
6873.44  10.28856
6874.68  6.859603
6875.93  5.287561
6877.17  5.074577
6878.41  5.065157
6879.65  5.666243
6880.89  4.944379
6882.13  4.952935
6883.37  4.762108
6884.61  4.980172
6885.85  5.604151
6887.09  5.131323
6888.33  5.336572
6889.58  5.382101
6890.82  4.718381
6892.06  5.515912
6893.30  4.568741
6894.54  4.728278
6895.78  4.84453
6897.02  4.668135
6898.26  5.364114
6899.50  4.808033
6900.74  4.999836
6901.98  5.06361
6903.22  4.965087
6904.47  5.934506
6905.71  5.380957
6906.95  5.101958
6908.19  5.304996
6909.43  5.002588
6910.67  5.831065
6911.91  5.322067
6913.15  5.405378
6914.39  5.239533
6915.63  4.919331
6916.87  5.877235
6918.12  5.309705
6919.36  5.140653
6920.60  5.379783
6921.84  4.820518
6923.08  5.63103
6924.32  5.865952
6925.56  5.584063
6926.80  5.822688
6928.04  5.548615
6929.28  6.077885
6930.52  6.048912
6931.76  5.587314
6933.01  5.900488
6934.25  6.171405
6935.49  7.91507
6936.73  9.299149
6937.97  9.298418
6939.21  9.214267
6940.45  7.816626
6941.69  7.045773
6942.93  6.994949
6944.17  6.256476
6945.41  6.28615
6946.66  6.661884
6947.90  6.999044
6949.14  7.093768
6950.38  7.104116
6951.62  8.021658
6952.86  9.023044
6954.10  10.71442
6955.34  12.69449
6956.58  14.73617
6957.82  19.42774
6959.06  28.18584
6960.31  44.89191
6961.55  127.5665
6962.79  383.9542
6964.03  846.1305
6965.27  1267.691
6966.51  1230.55
6967.75  793.8671
6968.99  329.8299
6970.23  154.753
6971.47  98.43398
6972.71  58.43354
6973.95  38.67754
6975.20  22.31732
6976.44  14.69192
6977.68  10.86954
6978.92  8.64164
6980.16  8.443665
6981.40  7.285862
6982.64  7.300069
6983.88  6.869914
6985.12  6.970355
6986.36  7.610972
6987.60  6.857572
6988.85  6.962337
6990.09  6.951838
6991.33  6.980367
6992.57  6.977368
6993.81  6.388506
6995.05  6.336512
6996.29  6.115505
6997.53  6.437461
6998.77  7.005869
7000.01  6.422447
7001.25  6.193627
7002.49  5.985669
7003.74  6.179913
7004.98  6.613506
7006.22  6.214212
7007.46  5.887546
7008.70  5.987824
7009.94  6.329639
7011.18  6.882895
7012.42  6.391695
7013.66  6.215484
7014.90  5.806286
7016.14  5.772338
7017.39  6.505989
7018.63  6.213928
7019.87  5.753479
7021.11  5.818381
7022.35  5.786178
7023.59  6.366231
7024.83  6.517339
7026.07  6.14808
7027.31  7.313731
7028.55  10.55544
7029.79  15.15815
7031.03  15.55599
7032.28  12.52019
7033.52  8.883623
7034.76  7.319915
7036.00  6.721917
7037.24  6.564402
7038.48  6.294714
7039.72  6.243406
7040.96  6.677355
7042.20  6.522633
7043.44  6.537594
7044.68  6.418132
7045.93  6.184683
7047.17  6.510402
7048.41  6.878685
7049.65  6.81221
7050.89  6.656118
7052.13  6.545044
7053.37  6.991683
7054.61  7.480603
7055.85  8.078465
7057.09  8.730625
7058.33  10.17366
7059.58  12.03445
7060.82  15.42932
7062.06  21.98409
7063.30  48.8786
7064.54  167.3522
7065.78  374.4864
7067.02  578.5113
7068.26  574.821
7069.50  373.0738
7070.74  169.7729
7071.98  76.49482
7073.22  50.33672
7074.47  33.022
7075.71  23.99109
7076.95  16.23478
7078.19  11.23248
7079.43  8.835754
7080.67  7.926829
7081.91  7.249001
7083.15  6.833893
7084.39  6.699781
7085.63  6.65961
7086.87  6.575785
7088.12  6.719017
7089.36  6.367651
7090.60  5.955925
7091.84  6.40729
7093.08  6.08251
7094.32  6.178586
7095.56  6.440452
7096.80  6.023541
7098.04  5.869264
7099.28  5.97333
7100.52  6.361588
7101.76  6.278566
7103.01  6.303722
7104.25  6.538229
7105.49  7.065872
7106.73  7.258574
7107.97  7.615193
7109.21  6.878157
7110.45  6.558217
7111.69  6.268166
7112.93  6.294618
7114.17  6.540381
7115.41  5.711824
7116.66  5.960975
7117.90  5.845563
7119.14  5.502772
7120.38  5.768866
7121.62  5.910212
7122.86  6.226983
7124.10  6.545928
7125.34  6.711598
7126.58  6.929774
7127.82  6.490195
7129.06  6.365273
7130.30  6.086429
7131.55  6.187302
7132.79  6.278334
7134.03  6.060431
7135.27  6.042073
7136.51  6.367301
7137.75  6.50481
7138.99  6.998339
7140.23  7.443983
7141.47  7.849502
7142.71  10.36427
7143.95  24.25121
7145.20  54.25568
7146.44  96.73833
7147.68  110.0622
7148.92  86.83824
7150.16  44.03588
7151.40  21.90211
7152.64  14.77204
7153.88  11.1189
7155.12  9.513903
7156.36  8.149225
7157.60  8.245703
7158.85  7.445044
7160.09  6.831909
7161.33  6.739221
7162.57  6.19439
7163.81  6.295949
7165.05  6.254611
7166.29  6.124106
7167.53  6.188109
7168.77  5.748498
7170.01  6.105363
7171.25  6.07409
7172.49  5.802236
7173.74  5.926047
7174.98  5.73654
7176.22  6.027138
7177.46  5.951966
7178.70  5.616714
7179.94  6.314517
7181.18  5.929517
7182.42  5.809291
7183.66  5.900199
7184.90  5.839009
7186.14  6.037481
7187.39  5.591834
7188.63  5.887839
7189.87  6.104721
7191.11  5.782918
7192.35  6.118541
7193.59  5.715261
7194.83  5.668534
7196.07  6.084819
7197.31  5.560098
7198.55  5.876001
7199.79  5.866064
7201.03  5.906611
7202.28  5.904022
7203.52  6.038287
7204.76  7.222272
7206.00  7.993855
7207.24  8.653015
7208.48  8.238133
7209.72  7.0143
7210.96  6.465397
7212.20  6.547266
7213.44  6.17486
7214.68  6.447753
7215.93  5.826089
7217.17  6.120596
7218.41  6.321554
7219.65  6.005576
7220.89  6.520871
7222.13  6.137771
7223.37  6.149767
7224.61  6.500784
7225.85  6.200602
7227.09  6.810673
7228.33  6.577031
7229.57  6.535068
7230.82  7.035397
7232.06  6.368197
7233.30  6.705787
7234.54  6.746164
7235.78  6.651785
7237.02  6.83184
7238.26  6.252388
7239.50  6.939487
7240.74  6.821491
7241.98  6.667189
7243.22  7.168404
7244.47  6.375495
7245.71  7.208287
7246.95  6.785443
7248.19  6.643159
7249.43  7.588424
7250.67  6.618358
7251.91  7.485706
7253.15  7.283763
7254.39  6.795046
7255.63  7.023355
7256.87  7.103473
7258.12  7.601406
7259.36  7.688614
7260.60  7.889647
7261.84  8.785004
7263.08  9.341864
7264.32  10.61294
7265.56  12.08432
7266.80  14.39896
7268.04  19.29911
7269.28  41.70664
7270.52  129.0288
7271.76  297.4448
7273.01  443.3422
7274.25  406.7618
7275.49  251.1275
7276.73  102.6302
7277.97  59.06162
7279.21  37.13097
7280.45  27.27263
7281.69  21.71426
7282.93  16.01221
7284.17  12.63956
7285.41  10.50238
7286.66  9.571113
7287.90  8.679377
7289.14  7.788479
7290.38  8.046715
7291.62  7.84234
7292.86  8.074669
7294.10  7.871897
7295.34  7.59975
7296.58  8.076013
7297.82  7.835483
7299.06  7.990538
7300.30  7.907466
7301.55  7.763202
7302.79  8.276095
7304.03  7.716865
7305.27  7.901485
7306.51  8.227905
7307.75  7.761198
7308.99  8.378291
7310.23  8.67415
7311.47  10.17227
7312.71  10.78504
7313.95  9.396517
7315.20  9.873096
7316.44  9.570275
7317.68  8.974243
7318.92  8.801092
7320.16  8.090397
7321.40  8.238922
7322.64  8.269608
7323.88  8.237665
7325.12  8.976135
7326.36  8.218668
7327.60  8.152461
7328.84  8.3451
7330.09  8.53705
7331.33  8.952326
7332.57  8.244191
7333.81  8.56296
7335.05  8.527027
7336.29  8.307194
7337.53  8.909145
7338.77  8.722733
7340.01  9.246403
7341.25  9.056776
7342.49  8.49284
7343.74  9.41057
7344.98  9.002636
7346.22  9.446375
7347.46  9.927632
7348.70  9.642521
7349.94  10.48562
7351.18  11.89441
7352.42  14.60926
7353.66  16.83936
7354.90  15.72082
7356.14  13.4303
7357.39  11.53908
7358.63  10.93807
7359.87  10.88041
7361.11  10.49171
7362.35  10.99256
7363.59  10.98199
7364.83  10.64637
7366.07  11.67252
7367.31  11.37149
7368.55  13.5171
7369.79  17.44543
7371.03  23.9334
7372.28  32.658
7373.52  32.66546
7374.76  28.21809
7376.00  26.98728
7377.24  31.94068
7378.48  41.9691
7379.72  70.35683
7380.96  224.382
7382.20  626.0081
7383.44  1290.949
7384.68  1497.574
7385.93  1176.257
7387.17  552.9716
7388.41  258.2885
7389.65  148.0228
7390.89  91.85958
7392.13  70.81957
7393.37  53.70956
7394.61  38.97207
7395.85  27.5687
7397.09  21.2856
7398.33  16.63524
7399.57  14.29668
7400.82  13.27225
7402.06  11.90085
7403.30  12.34072
7404.54  12.32481
7405.78  11.73234
7407.02  12.3722
7408.26  11.50746
7409.50  11.56966
7410.74  12.28368
7411.98  12.56183
7413.22  13.14316
7414.47  11.9925
7415.71  11.65675
7416.95  11.86252
7418.19  11.20108
7419.43  11.6678
7420.67  11.10137
7421.91  11.81178
7423.15  12.25906
7424.39  12.2029
7425.63  12.94471
7426.87  12.4753
7428.11  12.03425
7429.36  12.12719
7430.60  11.55183
7431.84  12.05683
7433.08  12.34221
7434.32  14.22433
7435.56  16.3744
7436.80  16.34908
7438.04  15.12814
7439.28  13.45276
7440.52  12.48816
7441.76  12.4016
7443.01  11.96406
7444.25  12.52714
7445.49  12.5784
7446.73  12.03386
7447.97  12.39058
7449.21  11.98613
7450.45  12.49981
7451.69  12.66649
7452.93  12.15844
7454.17  12.89828
7455.41  13.01747
7456.66  12.97469
7457.90  12.59648
7459.14  12.5373
7460.38  13.39384
7461.62  13.39023
7462.86  13.5965
7464.10  13.78033
7465.34  13.63777
7466.58  14.74892
7467.82  14.87107
7469.06  15.81145
7470.30  17.91858
7471.55  18.54663
7472.79  18.79592
7474.03  17.40932
7475.27  16.21533
7476.51  16.13351
7477.75  16.01686
7478.99  16.76878
7480.23  16.8775
7481.47  16.91323
7482.71  18.28737
7483.95  19.25862
7485.20  19.75571
7486.44  19.66622
7487.68  19.16205
7488.92  19.70013
7490.16  20.4843
7491.40  22.40141
7492.64  25.32397
7493.88  27.77732
7495.12  32.1035
7496.36  39.44241
7497.60  52.36172
7498.84  73.73232
7500.09  144.9203
7501.33  448.5361
7502.57  1117.356
7503.81  1900.567
7505.05  1897.764
7506.29  1325.394
7507.53  603.9766
7508.77  349.9732
7510.01  228.6127
7511.25  270.8326
7512.49  588.6658
7513.74  1219.427
7514.98  1707.049
7516.22  1521.95
7517.46  897.5223
7518.70  413.512
7519.94  226.6594
7521.18  133.9031
7522.42  97.15316
7523.66  77.14381
7524.90  59.50022
7526.14  45.78149
7527.38  36.45793
7528.63  29.59781
7529.87  25.42157
7531.11  22.87824
7532.35  21.37486
7533.59  20.78186
7534.83  19.98685
7536.07  20.13142
7537.31  20.07094
7538.55  20.08438
7539.79  19.77514
7541.03  18.66512
7542.28  19.43389
7543.52  19.77225
7544.76  19.28542
7546.00  19.02589
7547.24  18.59894
7548.48  19.03916
7549.72  18.702
7550.96  18.36746
7552.20  19.04804
7553.44  18.96941
7554.68  18.86156
7555.93  18.73468
7557.17  18.74497
7558.41  19.54377
7559.65  19.19465
7560.89  19.36831
7562.13  19.50224
7563.37  19.23621
7564.61  19.36874
7565.85  19.86269
7567.09  19.80994
7568.33  19.86136
7569.57  20.16718
7570.82  20.19106
7572.06  20.47547
7573.30  20.63377
7574.54  20.51898
7575.78  20.78837
7577.02  20.97474
7578.26  21.5028
7579.50  21.60827
7580.74  22.107
7581.98  22.15446
7583.22  22.64974
7584.47  23.32796
7585.71  23.37288
7586.95  23.66698
7588.19  23.53732
7589.43  24.08135
7590.67  24.18635
7591.91  24.46392
7593.15  25.3625
7594.39  25.22388
7595.63  26.06681
7596.87  26.8263
7598.11  27.69094
7599.36  28.12016
7600.60  27.88913
7601.84  28.79328
7603.08  29.51204
7604.32  29.78488
7605.56  30.73584
7606.80  31.53923
7608.04  32.24921
7609.28  33.33814
7610.52  36.0246
7611.76  36.78236
7613.01  36.1493
7614.25  37.25467
7615.49  38.80304
7616.73  39.79169
7617.97  40.59608
7619.21  41.29507
7620.45  44.51778
7621.69  51.19197
7622.93  61.33174
7624.17  72.3139
7625.41  82.72867
7626.65  101.8851
7627.90  137.2485
7629.14  204.5867
7630.38  304.5527
7631.62  772.4592
7632.86  2527.568
7634.10  6076.019
7635.34  9198.845
7636.58  8566.16
7637.82  5478.888
7639.06  2612.553
7640.30  1400.379
7641.55  746.8707
7642.79  507.2477
7644.03  396.0493
7645.27  297.2882
7646.51  215.3096
7647.75  155.7483
7648.99  113.6236
7650.23  80.28658
7651.47  59.58165
7652.71  44.2929
7653.95  39.44334
7655.19  36.07592
7656.44  34.76524
7657.68  33.26405
7658.92  33.01477
7660.16  31.97432
7661.40  31.07734
7662.64  30.39571
7663.88  30.18941
7665.12  29.99749
7666.36  30.20173
7667.60  29.62642
7668.84  28.68247
7670.09  28.18895
7671.33  28.13203
7672.57  28.10345
7673.81  27.60507
7675.05  26.77157
7676.29  26.51899
7677.53  26.02049
7678.77  25.583
7680.01  25.65981
7681.25  25.25346
7682.49  25.1312
7683.74  25.02548
7684.98  24.9922
7686.22  24.92147
7687.46  24.44806
7688.70  24.55294
7689.94  24.87837
7691.18  24.61456
7692.42  24.43333
7693.66  24.49822
7694.90  24.27361
7696.14  24.30131
7697.38  23.91908
7698.63  23.85818
7699.87  24.02927
7701.11  24.2601
7702.35  24.731
7703.59  24.87054
7704.83  25.39194
7706.07  25.49109
7707.31  25.98699
7708.55  26.85373
7709.79  28.08248
7711.03  31.00916
7712.28  37.15292
7713.52  45.06825
7714.76  57.33579
7716.00  84.74007
7717.24  134.7829
7718.48  207.2364
7719.72  318.1554
7720.96  601.9932
7722.20  1381.098
7723.44  2549.851
7724.68  3003.747
7725.92  2363.908
7727.17  1303.125
7728.41  649.9573
7729.65  344.5699
7730.89  188.6678
7732.13  136.2398
7733.37  110.6068
7734.61  86.50765
7735.85  66.6208
7737.09  51.29343
7738.33  40.45892
7739.57  32.06541
7740.82  26.15276
7742.06  23.15817
7743.30  22.74658
7744.54  23.19752
7745.78  21.65396
7747.02  21.50115
7748.26  21.09611
7749.50  19.73025
7750.74  19.18052
7751.98  20.01952
7753.22  19.17551
7754.46  18.24487
7755.71  18.2358
7756.95  18.17994
7758.19  18.95869
7759.43  18.26511
7760.67  17.22832
7761.91  16.59983
7763.15  16.50984
7764.39  17.18355
7765.63  16.48744
7766.87  15.67356
7768.11  15.90908
7769.36  15.25244
7770.60  15.43252
7771.84  15.22897
7773.08  14.86505
7774.32  14.8639
7775.56  14.54136
7776.80  14.61787
7778.04  14.37503
7779.28  13.88421
7780.52  13.98126
7781.76  13.75393
7783.01  14.11411
7784.25  13.86413
7785.49  13.49369
7786.73  13.33904
7787.97  13.12692
7789.21  13.90549
7790.45  13.64256
7791.69  12.94969
7792.93  12.947
7794.17  12.7636
7795.41  13.66791
7796.65  13.46305
7797.90  12.54887
7799.14  12.75855
7800.38  12.35332
7801.62  12.60457
7802.86  12.82974
7804.10  12.44615
7805.34  12.25654
7806.58  12.22672
7807.82  12.64031
7809.06  12.51407
7810.30  11.99133
7811.55  11.82846
7812.79  11.95559
7814.03  12.32967
7815.27  12.28454
7816.51  11.56909
7817.75  11.4727
7818.99  11.42721
7820.23  11.83263
7821.47  12.05929
7822.71  11.53102
7823.95  11.59189
7825.19  11.20035
7826.44  11.19853
7827.68  12.1437
7828.92  11.45737
7830.16  11.50757
7831.40  11.52236
7832.64  11.53674
7833.88  12.25385
7835.12  11.62073
7836.36  11.41345
7837.60  11.46423
7838.84  11.3663
7840.09  12.14031
7841.33  11.52466
7842.57  11.49244
7843.81  11.7433
7845.05  11.612
7846.29  11.88327
7847.53  11.81451
7848.77  11.90545
7850.01  11.53127
7851.25  11.36946
7852.49  11.91986
7853.73  11.77601
7854.98  12.20788
7856.22  12.07996
7857.46  11.79599
7858.70  12.29706
7859.94  12.71284
7861.18  12.6038
7862.42  12.41636
7863.66  12.59369
7864.90  12.64611
7866.14  12.76357
7867.38  13.10798
7868.63  12.92342
7869.87  13.11469
7871.11  13.36747
7872.35  13.40074
7873.59  13.14635
7874.83  13.38906
7876.07  13.71704
7877.31  13.92263
7878.55  13.79562
7879.79  14.09278
7881.03  13.74876
7882.28  14.00856
7883.52  14.12492
7884.76  14.25398
7886.00  14.94073
7887.24  14.69244
7888.48  15.68589
7889.72  17.15526
7890.96  17.83135
7892.20  18.66072
7893.44  17.19783
7894.68  16.10599
7895.92  15.55281
7897.17  15.94434
7898.41  16.55115
7899.65  16.06301
7900.89  15.98868
7902.13  16.80672
7903.37  16.81887
7904.61  17.30392
7905.85  17.16387
7907.09  17.53892
7908.33  17.90368
7909.57  18.06513
7910.82  18.81069
7912.06  18.43769
7913.30  18.78916
7914.54  19.2162
7915.78  19.13364
7917.02  19.8797
7918.26  19.93974
7919.50  20.23497
7920.74  20.61353
7921.98  20.17636
7923.22  21.13799
7924.46  21.15304
7925.71  22.23193
7926.95  23.00213
7928.19  23.08558
7929.43  24.23165
7930.67  23.79821
7931.91  24.45214
7933.15  25.58407
7934.39  27.34334
7935.63  31.90914
7936.87  37.21773
7938.11  44.87687
7939.36  58.01906
7940.60  87.92363
7941.84  147.1336
7943.08  230.7185
7944.32  355.3341
7945.56  662.7945
7946.80  1625.828
7948.04  2460.983
7949.28  2402.847
7950.52  1422.095
7951.76  653.0735
7953.00  331.3124
7954.25  174.4361
7955.49  92.04966
7956.73  54.59744
7957.97  41.11666
7959.21  35.41833
7960.45  32.46733
7961.69  31.84818
7962.93  30.84407
7964.17  30.90007
7965.41  30.37685
7966.65  29.9258
7967.90  30.03442
7969.14  29.93477
7970.38  29.50644
7971.62  28.97785
7972.86  29.48298
7974.10  30.00894
7975.34  29.93948
7976.58  30.56451
7977.82  30.24187
7979.06  30.40968
7980.30  30.87457
7981.55  30.8708
7982.79  31.79188
7984.03  31.93377
7985.27  31.38187
7986.51  32.44265
7987.75  33.06355
7988.99  33.78728
7990.23  34.07396
7991.47  34.29374
7992.71  36.80229
7993.95  40.5467
7995.19  44.80568
7996.44  49.4395
7997.68  58.72095
7998.92  84.74517
8000.16  125.8006
8001.40  187.288
8002.64  285.2267
8003.88  610.9884
8005.12  1297.552
8006.36  1736.594
8007.60  1479.322
8008.84  899.8718
8010.09  579.7751
8011.33  556.7947
8012.57  985.7523
8013.81  1919.659
8015.05  2483.348
8016.29  1999.013
8017.53  1055.279
8018.77  494.4174
8020.01  272.2304
8021.25  155.8835
8022.49  96.70805
8023.73  63.43037
8024.98  50.32576
8026.22  44.29558
8027.46  40.8069
8028.70  38.32165
8029.94  37.4417
8031.18  37.49349
8032.42  36.51975
8033.66  36.3731
8034.90  35.86533
8036.14  35.7862
8037.38  36.21717
8038.63  35.99582
8039.87  35.38338
8041.11  34.97993
8042.35  35.02259
8043.59  35.51115
8044.83  35.89315
8046.07  36.66415
8047.31  36.3917
8048.55  36.07895
8049.79  35.76831
8051.03  36.62062
8052.27  37.97315
8053.52  37.79319
8054.76  38.11354
8056.00  37.64603
8057.24  37.34611
8058.48  37.85019
8059.72  37.20865
8060.96  36.92919
8062.20  37.70715
8063.44  38.59353
8064.68  39.45903
8065.92  39.49444
8067.17  39.44552
8068.41  39.70848
8069.65  40.92183
8070.89  40.72845
8072.13  40.77317
8073.37  41.83556
8074.61  43.08801
8075.85  43.58759
8077.09  44.46979
8078.33  45.3456
8079.57  45.0761
8080.82  46.33969
8082.06  47.98404
8083.30  49.11611
8084.54  49.1307
8085.78  50.02346
8087.02  51.68263
8088.26  53.07121
8089.50  55.72902
8090.74  58.53802
8091.98  65.36659
8093.22  71.96347
8094.46  82.48785
8095.71  103.5021
8096.95  154.5857
8098.19  235.5381
8099.43  348.7235
8100.67  592.4544
8101.91  1505.765
8103.15  2613.853
8104.39  2874.27
8105.63  1959.938
8106.87  1029.24
8108.11  685.4088
8109.36  682.606
8110.60  873.2521
8111.84  1258.208
8113.08  2981.262
8114.32  6294.82
8115.56  8145.367
8116.80  6454.063
8118.04  3394.089
8119.28  1566.339
8120.52  845.9642
8121.76  489.4526
8123.00  318.9532
8124.25  193.8408
8125.49  122.2562
8126.73  92.44167
8127.97  75.3436
8129.21  65.06416
8130.45  60.29448
8131.69  57.77046
8132.93  55.94508
8134.17  53.90318
8135.41  51.75008
8136.65  49.89292
8137.90  48.71554
8139.14  48.73657
8140.38  47.35362
8141.62  45.78089
8142.86  44.63286
8144.10  43.98944
8145.34  43.50536
8146.58  41.89703
8147.82  39.95051
8149.06  39.78225
8150.30  39.07471
8151.54  38.70863
8152.79  38.06687
8154.03  36.63916
8155.27  36.48872
8156.51  35.39708
8157.75  35.8793
8158.99  34.62168
8160.23  33.42937
8161.47  32.99015
8162.71  32.30869
8163.95  31.82823
8165.19  31.44099
8166.44  30.37289
8167.68  30.28284
8168.92  29.73828
8170.16  30.01248
8171.40  29.15276
8172.64  28.36723
8173.88  28.12228
8175.12  27.36433
8176.36  27.65391
8177.60  27.71945
8178.84  26.64888
8180.09  26.74717
8181.33  25.89366
8182.57  25.60176
8183.81  25.54969
8185.05  24.63805
8186.29  24.85423
8187.53  24.12851
8188.77  23.89708
8190.01  24.19742
8191.25  23.44322
8192.49  23.77458
8193.73  23.04382
8194.98  22.70614
8196.22  23.04603
8197.46  22.76747
8198.70  22.61356
8199.94  22.4969
8201.18  21.95381
8202.42  22.92219
8203.66  22.4909
8204.90  22.33269
8206.14  22.28985
8207.38  21.69553
8208.63  22.50932
8209.87  22.22603
8211.11  22.29146
8212.35  22.18084
8213.59  21.93475
8214.83  22.59439
8216.07  21.89685
8217.31  22.05454
8218.55  22.47877
8219.79  21.69305
8221.03  22.14976
8222.27  22.40828
8223.52  22.0988
8224.76  22.29764
8226.00  22.14347
8227.24  22.87182
8228.48  22.85925
8229.72  22.24468
8230.96  22.79569
8232.20  22.55861
8233.44  22.96907
8234.68  23.54906
8235.92  23.19976
8237.17  24.15528
8238.41  24.05361
8239.65  24.60217
8240.89  24.99329
8242.13  24.44631
8243.37  25.16821
8244.61  25.47474
8245.85  26.00806
8247.09  27.34941
8248.33  27.17061
8249.57  28.14066
8250.81  29.66401
8252.06  34.73125
8253.30  40.26488
8254.54  44.69236
8255.78  55.19175
8257.02  79.11239
8258.26  134.7636
8259.50  219.5084
8260.74  345.1113
8261.98  808.2068
8263.22  1984.448
8264.46  2722.611
8265.71  2451.746
8266.95  1363.151
8268.19  677.5741
8269.43  354.1404
8270.67  207.8576
8271.91  146.8262
8273.15  102.2702
8274.39  67.00328
8275.63  47.85607
8276.87  38.20926
8278.11  33.42789
8279.35  29.95476
8280.60  28.72112
8281.84  26.84934
8283.08  26.70815
8284.32  26.64146
8285.56  25.32579
8286.80  24.88477
8288.04  24.816
8289.28  24.19974
8290.52  24.37171
8291.76  23.68276
8293.00  22.89947
8294.25  23.07062
8295.49  22.62923
8296.73  23.0382
8297.97  22.68692
8299.21  21.89682
8300.45  21.92385
8301.69  21.71693
8302.93  22.04018
8304.17  21.66122
8305.41  20.92436
8306.65  21.26453
8307.90  21.11709
8309.14  21.14653
8310.38  21.55224
8311.62  20.72084
8312.86  21.03921
8314.10  21.02763
8315.34  21.9936
8316.58  23.06525
8317.82  22.79702
8319.06  22.41135
8320.30  21.65389
8321.54  21.14336
8322.79  21.04454
8324.03  20.30145
8325.27  21.64445
8326.51  24.1499
8327.75  20.92078
8328.99  21.98053
8330.23  20.72573
8331.47  20.90006
8332.71  20.76623
8333.95  20.93726
8335.19  21.78255
8336.44  21.26396
8337.68  21.39083
8338.92  21.94739
8340.16  22.01296
8341.40  22.15708
8342.64  21.95452
8343.88  21.99838
8345.12  22.04683
8346.36  22.24102
8347.60  23.10199
8348.84  22.87167
8350.08  23.14844
8351.33  23.57102
8352.57  23.84254
8353.81  24.76262
8355.05  24.52456
8356.29  24.61449
8357.53  25.28246
8358.77  25.05838
8360.01  25.81069
8361.25  26.63672
8362.49  26.52999
8363.73  26.92152
8364.98  27.41745
8366.22  28.08331
8367.46  28.69561
8368.70  28.65287
8369.94  29.0169
8371.18  28.97384
8372.42  30.31716
8373.66  31.22064
8374.90  30.95678
8376.14  31.39734
8377.38  32.328
8378.62  33.43935
8379.87  34.55118
8381.11  35.09501
8382.35  36.40286
8383.59  37.1963
8384.83  38.31545
8386.07  39.19992
8387.31  38.7496
8388.55  39.3915
8389.79  40.68403
8391.03  41.17384
8392.27  42.75389
8393.52  43.91491
8394.76  47.14496
8396.00  51.98137
8397.24  56.79496
8398.48  63.56327
8399.72  73.86232
8400.96  96.11768
8402.20  143.4508
8403.44  225.9333
8404.68  374.5924
8405.92  988.4789
8407.17  2143.492
8408.41  2664.939
8409.65  2132.282
8410.89  1146.574
8412.13  607.737
8413.37  352.5623
8414.61  239.6489
8415.85  202.4593
8417.09  188.7697
8418.33  213.3561
8419.57  313.1224
8420.81  482.5984
8422.06  1195.345
8423.30  3050.865
8424.54  4322.004
8425.78  3849.07
8427.02  2202.685
8428.26  1093.094
8429.50  598.5286
8430.74  348.4574
8431.98  256.0497
8433.22  190.4404
8434.46  130.5603
8435.71  91.90591
8436.95  72.14223
8438.19  59.26829
8439.43  52.54201
8440.67  48.52342
8441.91  46.62972
8443.15  45.44045
8444.39  44.14986
8445.63  43.01666
8446.87  41.79459
8448.11  40.93456
8449.35  40.50089
8450.60  39.29148
8451.84  38.80273
8453.08  38.3265
8454.32  37.43826
8455.56  36.73884
8456.80  35.56383
8458.04  35.17082
8459.28  34.68328
8460.52  33.50352
8461.76  33.66325
8463.00  32.48454
8464.25  31.89686
8465.49  31.68099
8466.73  31.07578
8467.97  31.24232
8469.21  30.47257
8470.45  29.56762
8471.69  29.18967
8472.93  28.95691
8474.17  29.2645
8475.41  28.28302
8476.65  27.6825
8477.89  28.2843
8479.14  27.58763
8480.38  27.71497
8481.62  27.22085
8482.86  26.44831
8484.10  26.51245
8485.34  26.8161
8486.58  27.1886
8487.82  26.22965
8489.06  25.43791
8490.30  26.14327
8491.54  26.25263
8492.79  25.89035
8494.03  25.64659
8495.27  25.34557
8496.51  25.20851
8497.75  25.31314
8498.99  25.1078
8500.23  25.6625
8501.47  25.33953
8502.71  25.22733
8503.95  25.75193
8505.19  25.74317
8506.44  25.93108
8507.68  26.47728
8508.92  28.67672
8510.16  31.35674
8511.40  33.9199
8512.64  38.41449
8513.88  46.11195
8515.12  64.33947
8516.36  104.3852
8517.60  167.6137
8518.84  443.7553
8520.08  1080.458
8521.33  1530.555
8522.57  1372.499
8523.81  797.9779
8525.05  418.4766
8526.29  232.318
8527.53  138.7883
8528.77  102.6393
8530.01  77.5108
8531.25  56.94058
8532.49  41.72003
8533.73  32.99149
8534.98  28.26639
8536.22  24.92443
8537.46  23.73298
8538.70  22.37421
8539.94  21.13568
8541.18  20.67065
8542.42  20.55104
8543.66  21.00574
8544.90  20.68296
8546.14  19.58385
8547.38  18.90313
8548.62  18.40252
8549.87  18.63482
8551.11  18.32272
8552.35  18.10424
8553.59  17.52195
8554.83  16.68475
8556.07  17.02425
8557.31  17.19451
8558.55  16.08735
8559.79  16.04171
8561.03  15.74999
8562.27  15.5373
8563.52  15.63495
8564.76  15.24258
8566.00  15.07053
8567.24  14.50302
8568.48  14.37722
8569.72  14.45112
8570.96  13.92574
8572.20  14.24031
8573.44  13.63932
8574.68  13.48268
8575.92  14.04243
8577.16  13.55011
8578.41  13.11806
8579.65  12.49508
8580.89  12.4298
8582.13  13.04364
8583.37  12.42313
8584.61  12.43724
8585.85  11.83781
8587.09  11.52416
8588.33  12.3753
8589.57  11.9026
8590.81  11.25936
8592.06  10.72709
8593.30  10.9607
8594.54  11.9768
8595.78  11.74483
8597.02  11.13972
8598.26  11.38566
8599.50  11.54388
8600.74  12.18784
8601.98  11.91131
8603.22  11.75148
8604.46  12.92699
8605.71  13.27376
8606.95  13.34774
8608.19  12.34745
8609.43  11.32791
8610.67  10.94877
8611.91  10.40971
8613.15  10.75056
8614.39  10.4988
8615.63  9.97423
8616.87  10.27956
8618.11  10.46196
8619.35  11.28536
8620.60  11.54682
8621.84  11.18046
8623.08  10.51204
8624.32  9.759583
8625.56  10.30214
8626.80  10.57765
8628.04  9.745737
8629.28  9.677658
8630.52  9.455979
8631.76  9.488588
8633.00  9.711063
8634.25  9.347857
8635.49  9.326524
8636.73  9.583998
8637.97  9.589877
8639.21  9.940011
8640.45  9.489756
8641.69  9.089566
8642.93  9.034157
8644.17  9.492844
8645.41  10.2632
8646.65  9.507301
8647.89  9.485912
8649.14  9.23525
8650.38  9.096075
8651.62  9.709204
8652.86  9.469425
8654.10  9.401533
8655.34  9.607643
8656.58  10.23547
8657.82  10.85643
8659.06  10.81376
8660.30  11.50867
8661.54  13.60122
8662.79  18.41878
8664.03  27.14027
8665.27  63.88665
8666.51  157.417
8667.75  230.7231
8668.99  213.9963
8670.23  134.7572
8671.47  74.32548
8672.71  43.80149
8673.95  27.93203
8675.19  21.52298
8676.43  18.18604
8677.68  15.55035
8678.92  12.28688
8680.16  11.02557
8681.40  10.16488
8682.64  9.322913
8683.88  9.29323
8685.12  8.692041
8686.36  8.746597
8687.60  8.671402
8688.84  8.362259
8690.08  9.321091
8691.33  8.403033
8692.57  8.320816
8693.81  8.30044
8695.05  8.456631
8696.29  8.702676
8697.53  8.023819
8698.77  7.682326
8700.01  7.820724
8701.25  7.792526
8702.49  8.406686
8703.73  7.831283
8704.98  8.099911
8706.22  7.474669
8707.46  7.486604
8708.70  7.62516
8709.94  7.42802
8711.18  7.421161
8712.42  7.24484
8713.66  7.166987
8714.90  8.193845
8716.14  7.900565
8717.38  7.448668
8718.62  7.52464
8719.87  7.306081
8721.11  7.537567
8722.35  7.470368
8723.59  7.140275
8724.83  7.151723
8726.07  6.916143
8727.31  7.486192
8728.55  7.352098
8729.79  6.738659
8731.03  7.12199
8732.27  6.922437
8733.52  7.11146
8734.76  7.242069
8736.00  6.694979
8737.24  6.839537
8738.48  6.752692
8739.72  6.906833
8740.96  7.107968
8742.20  6.751709
8743.44  6.620625
8744.68  6.193667
8745.92  6.952822
8747.16  7.387194
8748.41  6.178823
8749.65  6.600739
8750.89  6.436338
8752.13  6.592818
8753.37  7.189688
8754.61  6.261408
8755.85  6.788607
8757.09  6.866415
8758.33  7.26685
8759.57  8.175348
8760.81  8.366316
8762.06  9.31095
8763.30  8.39781
8764.54  7.362719
8765.78  7.464483
8767.02  6.712589
8768.26  6.466127
8769.50  6.43438
8770.74  6.293373
8771.98  6.84676
8773.22  6.623118
8774.46  6.200337
8775.70  6.455345
8776.95  6.42504
8778.19  7.324366
8779.43  6.670708
8780.67  6.054768
8781.91  6.114617
8783.15  6.053116
8784.39  6.757241
8785.63  6.800352
8786.87  6.032095
8788.11  6.309251
8789.35  5.991553
8790.60  6.721399
8791.84  6.395155
8793.08  5.99574
8794.32  6.239737
8795.56  5.818574
8796.80  6.583391
8798.04  7.185375
8799.28  6.621607
8800.52  6.413572
8801.76  6.207931
8803.00  6.413774
8804.25  6.952161
8805.49  6.070944
8806.73  6.0624
8807.97  5.663478
8809.21  5.715953
8810.45  6.667817
8811.69  5.724814
8812.93  5.750514
8814.17  5.814787
8815.41  6.108975
8816.65  6.913572
8817.89  5.719116
8819.14  5.937569
8820.38  6.119199
8821.62  6.099031
8822.86  6.449789
8824.10  5.597404
8825.34  5.889686
8826.58  5.663336
8827.82  5.803059
8829.06  6.588263
8830.30  5.990267
8831.54  5.795593
8832.79  6.043222
8834.03  5.981512
8835.27  6.525594
8836.51  6.161139
8837.75  5.7492
8838.99  5.969331
8840.23  5.511969
8841.47  6.562492
8842.71  6.303848
8843.95  5.415336
8845.19  5.724689
8846.43  5.829974
8847.68  6.45472
8848.92  6.935709
8850.16  6.418594
8851.40  6.568019
8852.64  6.080097
8853.88  6.514184
8855.12  7.078043
8856.36  8.08036
8857.60  6.461656
8858.84  5.853732
8860.08  5.88277
8861.33  6.83961
8862.57  5.818858
8863.81  5.936195
8865.05  5.522722
8866.29  5.79797
8867.53  6.479466
8868.77  5.771749
8870.01  5.975803
8871.25  6.014934
8872.49  6.446398
8873.73  6.837895
8874.97  5.613971
8876.22  5.539833
8877.46  5.943714
8878.70  6.090318
8879.94  6.718726
8881.18  6.146551
8882.42  5.913321
8883.66  5.949242
8884.90  6.061035
8886.14  6.872004
8887.38  6.469666
8888.62  5.615236
8889.87  5.470335
8891.11  5.889658
8892.35  6.674544
8893.59  6.566895
8894.83  6.038208
8896.07  6.074639
8897.31  6.097509
8898.55  6.435237
8899.79  6.298563
8901.03  5.759651
8902.27  5.888308
8903.52  6.004802
8904.76  6.657163
8906.00  6.939917
8907.24  5.472071
8908.48  5.927896
8909.72  5.84468
8910.96  6.116188
8912.20  6.224892
8913.44  5.986075
8914.68  6.510196
8915.92  6.488326
8917.16  6.857328
8918.41  6.58342
8919.65  6.197983
8920.89  6.095006
8922.13  5.868892
8923.37  6.487006
8924.61  6.599782
8925.85  6.307529
8927.09  6.445313
8928.33  6.368768
8929.57  6.834687
8930.81  7.285838
8932.06  6.753852
8933.30  6.438853
8934.54  6.502695
8935.78  7.0309
8937.02  7.21234
8938.26  6.949817
8939.50  6.307908
8940.74  6.517536
8941.98  6.682083
8943.22  6.293015
8944.46  6.357516
8945.70  6.382482
8946.95  6.543029
8948.19  6.322305
8949.43  6.348575
8950.67  6.216789
8951.91  6.421919
8953.15  6.590646
8954.39  6.796478
8955.63  6.717048
8956.87  6.4635
8958.11  6.533432
8959.35  7.04701
8960.60  6.745158
8961.84  6.745127
8963.08  6.854207
8964.32  6.602665
8965.56  7.008142
8966.80  7.318492
8968.04  7.329696
8969.28  6.707523
8970.52  6.679377
8971.76  7.074663
8973.00  7.346825
8974.24  7.193717
8975.49  6.941383
8976.73  6.911874
8977.97  7.214012
8979.21  7.589446
8980.45  7.543271
8981.69  7.487984
8982.93  7.669266
8984.17  7.675307
8985.41  8.065116
8986.65  8.225708
8987.89  7.934674
8989.14  7.710237
8990.38  7.813793
8991.62  8.640953
8992.86  9.065819
8994.10  11.28428
8995.34  12.1476
8996.58  11.81321
8997.82  12.95342
8999.06  12.8774
9000.30  12.54803
9001.54  12.63143
9002.78  12.44174
9004.03  13.23951
9005.27  13.03278
9006.51  13.19488
9007.75  13.63461
9008.99  13.47031
9010.23  14.38198
9011.47  14.32776
9012.71  14.40157
9013.95  14.86069
9015.19  14.44492
9016.43  15.72138
9017.68  15.53998
9018.92  15.01245
9020.16  15.49003
9021.40  15.92705
9022.64  16.80384
9023.88  16.70417
9025.12  17.23213
9026.36  17.77978
9027.60  17.34081
9028.84  18.24746
9030.08  18.5366
9031.33  18.64603
9032.57  19.2783
9033.81  18.72389
9035.05  19.7418
9036.29  21.00535
9037.53  20.45086
9038.77  20.30425
9040.01  20.38405
9041.25  21.93251
9042.49  23.06366
9043.73  22.26552
9044.97  22.60647
9046.22  23.47548
9047.46  24.08306
9048.70  24.95958
9049.94  25.55157
9051.18  24.84866
9052.42  25.18005
9053.66  26.18745
9054.90  26.8601
9056.14  27.33561
9057.38  27.21509
9058.62  28.59799
9059.87  28.54326
9061.11  30.42438
9062.35  30.84889
9063.59  30.62502
9064.83  31.98643
9066.07  32.39478
9067.31  33.21809
9068.55  34.43377
9069.79  35.03409
9071.03  35.57981
9072.27  36.38125
9073.51  37.78146
9074.76  38.90998
9076.00  39.67956
9077.24  40.95691
9078.48  41.11897
9079.72  41.40817
9080.96  42.71396
9082.20  43.61256
9083.44  44.65868
9084.68  45.52594
9085.92  46.13375
9087.16  48.10536
9088.41  50.14967
9089.65  50.66757
9090.89  51.62644
9092.13  53.13178
9093.37  54.4473
9094.61  55.15062
9095.85  56.58471
9097.09  56.98402
9098.33  58.88984
9099.57  61.0656
9100.81  61.69225
9102.05  62.87035
9103.30  65.9145
9104.54  66.35191
9105.78  69.04288
9107.02  70.67959
9108.26  73.81102
9109.50  79.67942
9110.74  88.32487
9111.98  97.90082
9113.22  108.1002
9114.46  124.1227
9115.70  154.9879
9116.95  210.8469
9118.19  324.4972
9119.43  535.1559
9120.67  1894.397
9121.91  3700.82
9123.15  4672.929
9124.39  3770.262
9125.63  2279.88
9126.87  1292.813
9128.11  706.3225
9129.35  476.7749
9130.60  293.8269
9131.84  174.4176
9133.08  125.2887
9134.32  102.8117
9135.56  88.10394
9136.80  81.41924
9138.04  78.72385
9139.28  74.79711
9140.52  72.3698
9141.76  69.60732
9143.00  67.13029
9144.24  66.9655
9145.49  65.26727
9146.73  64.19386
9147.97  61.99876
9149.21  60.63551
9150.45  60.0239
9151.69  58.24129
9152.93  57.8362
9154.17  56.58051
9155.41  54.43969
9156.65  53.42653
9157.89  53.40118
9159.14  51.73274
9160.38  50.70847
9161.62  50.07682
9162.86  49.57471
9164.10  48.48239
9165.34  46.9243
9166.58  46.27111
9167.82  45.56624
9169.06  45.91454
9170.30  45.91335
9171.54  44.23792
9172.78  43.25924
9174.03  41.99599
9175.27  41.34058
9176.51  41.66222
9177.75  40.70802
9178.99  40.1127
9180.23  39.34771
9181.47  39.06841
9182.71  39.10758
9183.95  37.32243
9185.19  37.53053
9186.43  37.04201
9187.68  36.50964
9188.92  36.79376
9190.16  36.10006
9191.40  36.5837
9192.64  40.20012
9193.88  44.52448
9195.12  45.88525
9196.36  41.99099
9197.60  39.24159
9198.84  37.406
9200.08  34.37842
9201.32  34.94837
9202.57  34.50059
9203.81  33.00867
9205.05  32.5319
9206.29  32.67302
9207.53  34.36401
9208.77  33.38261
9210.01  32.99111
9211.25  34.86168
9212.49  35.48597
9213.73  37.66002
9214.97  39.65221
9216.22  42.9247
9217.46  49.27121
9218.70  60.75897
9219.94  83.11678
9221.18  146.6121
9222.42  385.108
9223.66  676.5923
9224.90  764.4199
9226.14  608.722
9227.38  374.8835
9228.62  224.6373
9229.87  141.2181
9231.11  109.5672
9232.35  79.44874
9233.59  55.20387
9234.83  41.77664
9236.07  34.81866
9237.31  30.8163
9238.55  29.50648
9239.79  28.57749
9241.03  26.83927
9242.27  26.0767
9243.51  25.73257
9244.76  24.73441
9246.00  25.54791
9247.24  24.26882
9248.48  23.1306
9249.72  22.5577
9250.96  21.69781
9252.20  22.89874
9253.44  21.78271
9254.68  20.64787
9255.92  20.07118
9257.16  19.90309
9258.41  20.95531
9259.65  19.75961
9260.89  18.85795
9262.13  18.76154
9263.37  17.95194
9264.61  17.82916
9265.85  18.49485
9267.09  17.2969
9268.33  16.4468
9269.57  16.41792
9270.81  16.85474
9272.05  16.76212
9273.30  15.66775
9274.54  15.89212
9275.78  15.77172
9277.02  15.58837
9278.26  15.82242
9279.50  14.82443
9280.74  14.3623
9281.98  14.46809
9283.22  14.62465
9284.46  14.91245
9285.70  14.28072
9286.95  14.05754
9288.19  14.66385
9289.43  16.23007
9290.67  20.40562
9291.91  21.06822
9293.15  18.799
9294.39  16.55497
9295.63  14.66084
9296.87  14.25505
9298.11  12.93106
9299.35  12.4588
9300.59  12.18901
9301.84  11.38051
9303.08  11.80033
9304.32  11.66589
9305.56  11.08907
9306.80  11.2656
9308.04  10.73482
9309.28  11.34635
9310.52  11.29197
9311.76  10.40597
9313.00  10.63131
9314.24  10.05343
9315.49  10.20155
9316.73  10.78673
9317.97  10.1563
9319.21  9.870872
9320.45  9.946606
9321.69  10.02423
9322.93  9.94992
9324.17  9.853333
9325.41  9.616801
9326.65  8.947051
9327.89  9.952501
9329.14  10.66432
9330.38  9.281235
9331.62  9.868751
9332.86  9.763698
9334.10  8.727781
9335.34  9.827145
9336.58  9.28731
9337.82  9.126997
9339.06  8.648464
9340.30  8.687343
9341.54  9.732155
9342.78  9.486485
9344.03  8.6025
9345.27  9.106352
9346.51  8.919412
9347.75  10.26554
9348.99  11.28842
9350.23  12.69524
9351.47  20.02096
9352.71  34.23377
9353.95  46.90604
9355.19  45.3471
9356.43  34.55032
9357.68  23.74305
9358.92  16.6731
9360.16  14.40109
9361.40  12.95979
9362.64  11.16263
9363.88  10.19429
9365.12  9.004786
9366.36  8.916703
9367.60  8.922493
9368.84  7.764498
9370.08  7.880632
9371.32  7.754752
9372.57  7.675951
9373.81  8.405412
9375.05  7.703362
9376.29  7.749596
9377.53  7.130652
9378.77  6.913237
9380.01  8.380748
9381.25  7.858516
9382.49  7.213968
9383.73  7.063399
9384.97  6.847244
9386.22  7.631081
9387.46  7.698543
9388.70  7.133153
9389.94  6.803817
9391.18  6.901875
9392.42  7.353127
9393.66  7.223323
9394.90  7.044755
9396.14  6.408807
9397.38  6.335327
9398.62  7.100102
9399.86  7.411508
9401.11  6.864503
9402.35  6.772737
9403.59  6.778394
9404.83  7.294528
9406.07  7.217448
9407.31  6.730636
9408.55  6.643864
9409.79  6.197259
9411.03  6.856787
9412.27  6.863435
9413.51  6.192443
9414.76  6.380817
9416.00  6.205108
9417.24  6.477792
9418.48  6.911132
9419.72  6.591903
9420.96  6.009403
9422.20  5.603925
9423.44  5.869829
9424.68  6.538206
9425.92  6.24484
9427.16  6.198576
9428.41  5.915755
9429.65  5.86531
9430.89  7.125218
9432.13  6.388269
9433.37  5.89176
9434.61  5.478128
9435.85  5.592413
9437.09  6.836287
9438.33  6.039317
9439.57  5.091394
9440.81  6.147789
9442.05  5.757664
9443.30  6.404707
9444.54  6.305815
9445.78  6.134978
9447.02  6.364769
9448.26  5.726335
9449.50  6.30701
9450.74  6.907856
9451.98  6.030307
9453.22  6.116568
9454.46  5.903868
9455.70  6.393106
9456.95  6.930749
9458.19  6.33504
9459.43  6.636802
9460.67  6.575897
9461.91  6.820521
9463.15  7.031909
9464.39  5.767931
9465.63  6.09924
9466.87  5.976451
9468.11  5.621657
9469.35  7.244793
9470.59  6.579706
9471.84  6.329119
9473.08  6.339578
9474.32  5.41473
9475.56  6.623386
9476.80  6.273852
9478.04  6.297258
9479.28  6.398766
9480.52  5.931082
9481.76  7.221791
9483.00  6.240617
9484.24  5.760455
9485.49  6.243621
9486.73  5.611893
9487.97  6.439126
9489.21  6.304265
9490.45  5.90255
9491.69  6.466704
9492.93  6.127194
9494.17  6.310108
9495.41  6.326333
9496.65  5.951157
9497.89  6.159669
9499.13  5.729349
9500.38  6.469216
9501.62  6.326309
9502.86  6.220049
9504.10  6.61232
9505.34  6.412901
9506.58  6.867382
9507.82  6.601687
9509.06  5.894954
9510.30  5.988065
9511.54  5.490453
9512.78  6.124782
9514.03  6.985176
9515.27  6.302332
9516.51  6.56695
9517.75  6.386927
9518.99  6.15386
9520.23  6.472394
9521.47  6.148789
9522.71  6.330784
9523.95  6.444334
9525.19  6.160872
9526.43  6.629478
9527.68  6.125374
9528.92  6.114271
9530.16  6.464775
9531.40  6.808521
9532.64  7.257595
9533.88  6.929568
9535.12  6.490395
9536.36  6.929751
9537.60  6.044502
9538.84  7.338405
9540.08  7.649328
9541.32  6.737766
9542.57  6.94191
9543.81  6.507853
9545.05  7.24813
9546.29  7.32191
9547.53  6.815964
9548.77  7.257691
9550.01  6.909464
9551.25  7.559191
9552.49  7.829707
9553.73  7.059662
9554.97  7.239153
9556.22  7.20597
9557.46  7.925156
9558.70  8.057591
9559.94  7.741177
9561.18  8.218637
9562.42  7.625827
9563.66  8.161102
9564.90  8.979045
9566.14  8.013393
9567.38  7.749624
9568.62  8.137794
9569.86  8.337209
9571.11  9.126215
9572.35  8.189574
9573.59  8.755714
9574.83  8.706505
9576.07  8.300772
9577.31  9.800475
9578.55  9.091845
9579.79  8.866672
9581.03  8.850655
9582.27  8.209385
9583.51  9.61587
9584.76  9.574438
9586.00  9.84087
9587.24  9.520136
9588.48  9.077914
9589.72  10.31631
9590.96  10.70111
9592.20  10.27744
9593.44  10.16772
9594.68  9.811308
9595.92  10.71274
9597.16  10.89196
9598.40  10.76473
9599.65  10.88595
9600.89  10.5152
9602.13  11.2774
9603.37  12.11862
9604.61  11.37409
9605.85  11.35621
9607.09  11.67265
9608.33  12.09031
9609.57  12.43527
9610.81  12.01698
9612.05  12.36869
9613.30  12.42874
9614.54  12.54255
9615.78  13.36249
9617.02  13.18768
9618.26  13.17691
9619.50  13.37384
9620.74  13.5632
9621.98  14.73009
9623.22  14.68608
9624.46  14.92884
9625.70  15.17619
9626.94  14.87027
9628.19  16.10565
9629.43  16.39654
9630.67  15.98424
9631.91  17.09391
9633.15  17.39054
9634.39  17.9978
9635.63  18.06663
9636.87  18.21812
9638.11  18.59171
9639.35  19.29579
9640.59  20.86457
9641.84  20.24196
9643.08  20.75191
9644.32  22.85437
9645.56  24.86468
9646.80  27.7534
9648.04  30.17958
9649.28  33.32341
9650.52  37.62159
9651.76  46.58562
9653.00  64.00819
9654.24  100.7136
9655.49  246.486
9656.73  446.1596
9657.97  550.0457
9659.21  491.2305
9660.45  349.4413
9661.69  229.5707
9662.93  142.594
9664.17  106.5265
9665.41  91.16998
9666.65  79.14525
9667.89  63.09307
9669.13  47.22047
9670.38  37.05137
9671.62  30.66859
9672.86  27.51168
9674.10  24.22577
9675.34  22.91481
9676.58  21.6744
9677.82  20.62903
9679.06  21.16115
9680.30  19.60491
9681.54  18.76837
9682.78  17.94307
9684.03  17.67147
9685.27  17.9914
9686.51  16.89696
9687.75  16.46622
9688.99  15.51318
9690.23  15.04603
9691.47  15.72294
9692.71  15.41714
9693.95  14.80551
9695.19  14.13059
9696.43  13.58311
9697.67  14.51393
9698.92  14.73006
9700.16  13.93971
9701.40  13.41816
9702.64  12.8725
9703.88  13.55029
9705.12  13.54457
9706.36  12.41226
9707.60  12.38496
9708.84  12.06125
9710.08  12.26821
9711.32  12.89469
9712.57  11.80085
9713.81  11.44465
9715.05  11.46646
9716.29  11.39473
9717.53  12.15039
9718.77  11.3827
9720.01  10.87687
9721.25  10.50785
9722.49  10.53243
9723.73  11.12532
9724.97  10.19478
9726.21  10.04316
9727.46  9.797666
9728.70  9.490547
9729.94  10.40094
9731.18  9.910222
9732.42  9.238653
9733.66  9.846884
9734.90  9.334334
9736.14  9.857018
9737.38  9.809231
9738.62  9.381263
9739.86  9.144788
9741.11  8.562351
9742.35  9.323322
9743.59  9.631276
9744.83  8.832255
9746.07  8.896977
9747.31  8.357944
9748.55  8.923623
9749.79  8.748187
9751.03  7.969738
9752.27  8.196948
9753.51  7.915518
9754.76  8.668717
9756.00  8.888714
9757.24  8.242914
9758.48  8.054312
9759.72  7.911531
9760.96  7.970853
9762.20  8.51245
9763.44  8.483009
9764.68  8.068471
9765.92  8.063651
9767.16  8.487693
9768.40  8.712376
9769.65  8.101317
9770.89  8.636826
9772.13  8.937244
9773.37  9.110477
9774.61  9.467466
9775.85  9.383868
9777.09  10.35157
9778.33  10.13009
9779.57  11.40326
9780.81  15.98199
9782.05  26.98905
9783.30  44.40625
9784.54  54.58092
9785.78  50.50486
9787.02  38.99199
9788.26  28.84702
9789.50  20.13597
9790.74  16.51035
9791.98  14.53964
9793.22  13.80476
9794.46  11.82887
9795.70  10.30122
9796.94  8.830977
9798.19  7.73241
9799.43  8.607297
9800.67  7.966692
9801.91  7.804108
9803.15  7.511022
9804.39  6.765379
9805.63  7.439915
9806.87  7.010878
9808.11  6.802855
9809.35  6.832394
9810.59  6.597879
9811.84  7.055467
9813.08  6.952325
9814.32  6.268061
9815.56  5.752318
9816.80  5.716619
9818.04  6.361931
9819.28  6.596322
9820.52  6.13203
9821.76  5.853303
9823.00  5.981424
9824.24  6.275897
9825.48  6.16444
9826.73  5.504739
9827.97  5.140965
9829.21  5.156696
9830.45  5.437541
9831.69  6.311733
9832.93  5.729897
9834.17  5.302727
9835.41  5.590663
9836.65  4.803364
9837.89  6.156514
9839.13  5.721467
9840.38  5.23315
9841.62  5.498393
9842.86  5.125863
9844.10  5.764494
9845.34  5.633631
9846.58  5.147517
9847.82  4.520897
9849.06  4.556383
9850.30  5.741162
9851.54  5.8586
9852.78  5.249991
9854.03  5.235825
9855.27  4.314126
9856.51  5.035017
9857.75  5.542552
9858.99  4.767872
9860.23  4.500617
9861.47  4.742703
9862.71  5.180671
9863.95  5.501872
9865.19  4.925426
9866.43  4.454028
9867.67  4.149837
9868.92  4.675787
9870.16  5.383837
9871.40  4.836092
9872.64  4.67259
9873.88  4.475542
9875.12  4.804788
9876.36  5.385045
9877.60  4.658941
9878.84  4.980505
9880.08  4.654696
9881.32  4.527066
9882.57  4.987374
9883.81  4.359103
9885.05  4.908544
9886.29  4.379071
9887.53  4.33299
9888.77  5.330888
9890.01  4.31121
9891.25  4.131583
9892.49  4.186175
9893.73  3.801636
9894.97  5.076429
9896.21  4.857116
9897.46  4.410718
9898.70  4.097812
9899.94  3.896313
9901.18  4.762442
9902.42  4.576423
9903.66  4.537213
9904.90  4.176809
9906.14  3.927882
9907.38  4.779536
9908.62  4.399577
9909.86  4.675465
9911.11  4.625304
9912.35  3.733928
9913.59  4.704138
9914.83  5.263219
9916.07  4.439806
9917.31  4.044823
9918.55  3.702554
9919.79  4.205241
9921.03  4.946704
9922.27  4.685628
9923.51  4.133018
9924.75  3.89172
9926.00  4.44503
9927.24  4.558005
9928.48  3.87498
9929.72  3.790617
9930.96  4.184682
9932.20  4.516559
9933.44  4.588603
9934.68  4.095103
9935.92  3.527284
9937.16  3.706119
9938.40  4.288751
9939.65  5.064951
9940.89  4.640323
9942.13  4.397871
9943.37  4.646461
9944.61  4.290162
9945.85  4.872795
9947.09  4.451091
9948.33  3.517598
9949.57  3.866727
9950.81  3.811135
9952.05  5.034928
9953.30  4.3586
9954.54  4.305952
9955.78  4.045622
9957.02  3.617374
9958.26  4.280415
9959.50  4.300187
9960.74  3.922202
9961.98  3.963366
9963.22  3.733664
9964.46  5.145229
9965.70  4.635079
9966.94  3.583721
9968.19  3.692487
9969.43  3.802482
9970.67  4.319679
9971.91  4.493735
9973.15  3.783604
9974.39  3.763109
9975.63  3.470142
9976.87  4.297375
9978.11  4.453422
9979.35  3.524071
9980.59  3.847105
9981.84  3.656838
9983.08  3.959798
9984.32  4.71216
9985.56  4.353062
9986.80  4.033221
9988.04  4.064371
9989.28  4.349758
9990.52  4.411437
9991.76  4.215266
9993.00  4.124835
9994.24  4.058666
9995.48  3.82106
9996.73  3.392378
9997.97  3.900174
9999.21  4.277099
10000.45  3.749592
10001.69  3.449301
10002.93  4.362502
10004.17  4.057978
10005.41  3.870059
10006.65  4.132096
10007.89  3.608799
10009.13  4.217023
10010.38  4.316557
10011.62  4.013234
10012.86  3.910429
10014.10  3.75017
10015.34  5.024727
10016.58  4.322482
10017.82  3.986948
10019.06  3.832266
10020.30  3.746019
10021.54  4.332153
10022.78  4.102927
10024.02  3.877996
10025.27  3.713125
10026.51  3.618104
10027.75  4.634018
10028.99  4.158123
10030.23  3.932508
10031.47  4.422101
10032.71  3.831748
10033.95  4.601222
10035.19  4.205323
10036.43  3.37445
10037.67  3.954494
10038.92  3.623535
10040.16  3.804827
10041.40  4.21237
10042.64  4.051127
10043.88  3.870557
10045.12  3.784745
10046.36  4.331336
10047.60  4.72552
10048.84  4.397351
10050.08  4.228563
10051.32  3.857893
10052.57  4.157877
10053.81  4.591549
10055.05  4.13209
10056.29  3.930172
10057.53  3.661768
10058.77  4.513744
10060.01  4.534833
10061.25  3.597396
10062.49  3.824452
10063.73  3.41735
10064.97  3.581988
10066.21  4.066222
10067.46  3.462341
10068.70  3.715872
10069.94  4.34759
10071.18  4.081298
10072.42  4.459649
10073.66  4.041797
10074.90  3.504899
10076.14  3.598056
10077.38  3.012877
10078.62  4.199614
10079.86  4.049832
10081.11  3.630491
10082.35  3.299971
10083.59  3.572081
10084.83  4.568766
10086.07  4.025649
10087.31  3.551338
10088.55  3.823709
10089.79  3.268039
10091.03  4.260792
10092.27  4.140528
10093.51  3.769592
10094.75  3.770846
10096.00  3.262789
10097.24  4.472013
10098.48  4.313457
10099.72  3.549908
10100.96  3.777325
10102.20  3.790364
10103.44  4.581299
10104.68  4.668703
10105.92  3.773463
10107.16  3.877629
10108.40  3.367029
10109.65  4.117596
10110.89  4.788621
10112.13  3.689687
10113.37  3.517255
10114.61  3.495341
10115.85  3.803716
10117.09  4.148997
10118.33  3.558346
10119.57  3.80421
10120.81  3.827217
10122.05  3.595937
10123.29  4.006365
10124.54  3.703487
10125.78  3.471678
10127.02  3.486784
10128.26  3.54383
10129.50  4.002954
10130.74  3.985321
10131.98  3.489935
10133.22  3.500368
10134.46  3.584704
10135.70  4.317611
10136.94  3.261939
10138.19  3.467013
10139.43  3.564262
10140.67  3.62489
10141.91  4.501947
10143.15  3.815265
10144.39  3.52223
10145.63  3.895385
10146.87  3.477053
10148.11  4.26986
10149.35  3.844935
10150.59  3.827083
10151.84  3.435463
10153.08  3.170343
10154.32  4.195699
10155.56  4.126451
10156.80  3.572701
10158.04  3.592697
10159.28  3.499259
10160.52  4.31235
10161.76  4.122839
10163.00  3.476934
10164.24  4.139275
10165.48  3.545997
10166.73  4.28795
10167.97  4.520769
10169.21  3.388798
10170.45  3.908381
10171.69  3.746693
10172.93  4.333664
10174.17  4.413939
10175.41  3.779159
10176.65  3.676479
10177.89  3.310769
10179.13  3.948838
10180.38  3.895493
10181.62  3.604261
10182.86  3.67564
10184.10  3.154581
10185.34  3.874402
10186.58  4.144414
10187.82  3.5526
10189.06  3.602639
10190.30  3.14878
10191.54  3.764569
10192.78  4.110718
10194.02  3.202544
10195.27  3.609935
10196.51  3.331874
10197.75  3.434771
10198.99  4.186188
10200.23  3.329116
10201.47  3.071271
10202.71  3.365215
10203.95  3.691929
10205.19  4.092288
10206.43  2.918546
10207.67  3.190965
10208.92  3.199452
10210.16  3.375005
10211.40  4.109694
10212.64  3.491713
10213.88  3.549084
10215.12  3.112715
10216.36  2.825241
10217.60  3.738995
10218.84  3.91594
10220.08  3.434978
10221.32  2.964035
10222.56  2.684192
10223.81  4.079034
10225.05  3.572397
10226.29  3.053831
10227.53  2.933919
10228.77  2.766148
10230.01  3.962086
10231.25  3.057595
10232.49  3.155043
10233.73  2.985573
10234.97  2.557073
10236.21  3.572729
10237.46  3.555015
10238.70  2.738064
10239.94  3.062391
10241.18  2.896469
10242.42  3.782944
