3947.46  2.360545
3948.70  2.091874
3949.94  3.074243
3951.18  2.321159
3952.42  2.021789
3953.67  2.366365
3954.91  2.7709
3956.15  2.868724
3957.39  2.121422
3958.63  2.311296
3959.87  3.457204
3961.11  4.568822
3962.35  3.047757
3963.59  2.765191
3964.83  2.498381
3966.07  2.427564
3967.32  3.185817
3968.56  2.833551
3969.80  2.558248
3971.04  3.040149
3972.28  2.752842
3973.52  3.500458
3974.76  2.663344
3976.00  1.992095
3977.24  2.102258
3978.48  2.475059
3979.72  3.191092
3980.96  1.924933
3982.21  2.449598
3983.45  2.907591
3984.69  2.461479
3985.93  3.195429
3987.17  2.319814
3988.41  2.676176
3989.65  1.859817
3990.89  2.625665
3992.13  2.916094
3993.37  2.174764
3994.61  2.54926
3995.86  2.590219
3997.10  3.197137
3998.34  3.202592
3999.58  2.57057
4000.82  3.067209
4002.06  2.924461
4003.30  3.364582
4004.54  2.34962
4005.78  2.22045
4007.02  2.658479
4008.26  2.499171
4009.50  3.300256
4010.75  2.536494
4011.99  2.686663
4013.23  2.52954
4014.47  3.026391
4015.71  3.148324
4016.95  1.786295
4018.19  2.648675
4019.43  2.460079
4020.67  3.078909
4021.91  2.967063
4023.15  1.913586
4024.40  2.860101
4025.64  2.853234
4026.88  2.772998
4028.12  3.09863
4029.36  1.788377
4030.60  3.257424
4031.84  2.74317
4033.08  2.922038
4034.32  2.950903
4035.56  1.867443
4036.80  2.303666
4038.05  2.562962
4039.29  3.087682
4040.53  2.485841
4041.77  2.254922
4043.01  2.765991
4044.25  3.099996
4045.49  3.377209
4046.73  2.355275
4047.97  2.204101
4049.21  2.525525
4050.45  2.426588
4051.69  3.368843
4052.94  2.795383
4054.18  2.349321
4055.42  2.553895
4056.66  2.192309
4057.90  3.404438
4059.14  2.053424
4060.38  2.856864
4061.62  2.817989
4062.86  2.499794
4064.10  3.394513
4065.34  2.586166
4066.59  2.443354
4067.83  2.413404
4069.07  3.051938
4070.31  3.081639
4071.55  1.998151
4072.79  2.514304
4074.03  2.238118
4075.27  2.880568
4076.51  2.939327
4077.75  1.941671
4078.99  2.762689
4080.23  2.732546
4081.48  3.031567
4082.72  2.862782
4083.96  2.285786
4085.20  2.652617
4086.44  2.142598
4087.68  3.084301
4088.92  2.935681
4090.16  2.309568
4091.40  2.50057
4092.64  2.452606
4093.88  3.49942
4095.13  2.601997
4096.37  2.173644
4097.61  2.839295
4098.85  2.732889
4100.09  3.235796
4101.33  2.288497
4102.57  2.68007
4103.81  2.857876
4105.05  2.937304
4106.29  3.249035
4107.53  1.513716
4108.77  2.833869
4110.02  2.521274
4111.26  2.840135
4112.50  3.703573
4113.74  2.034094
4114.98  2.610258
4116.22  2.787059
4117.46  2.79705
4118.70  2.844489
4119.94  2.03092
4121.18  2.156553
4122.42  2.181155
4123.67  3.452858
4124.91  3.233746
4126.15  2.476842
4127.39  2.715643
4128.63  2.583656
4129.87  3.272785
4131.11  2.370863
4132.35  1.997904
4133.59  2.349947
4134.83  2.896071
4136.07  3.018225
4137.32  1.920823
4138.56  2.612181
4139.80  2.749141
4141.04  2.473908
4142.28  2.957938
4143.52  2.501749
4144.76  2.040301
4146.00  2.276524
4147.24  2.406436
4148.48  2.869904
4149.72  1.72676
4150.96  2.798114
4152.21  2.278924
4153.45  2.364349
4154.69  3.349103
4155.93  2.188091
4157.17  2.542026
4158.41  2.57234
4159.65  3.081162
4160.89  3.271853
4162.13  2.336984
4163.37  2.564312
4164.61  2.461981
4165.86  2.484398
4167.10  2.746323
4168.34  2.354713
4169.58  2.584382
4170.82  2.262605
4172.06  3.055264
4173.30  3.148464
4174.54  2.050646
4175.78  2.360724
4177.02  2.997498
4178.26  3.487473
4179.50  2.505365
4180.75  2.431419
4181.99  2.482388
4183.23  2.643611
4184.47  3.712224
4185.71  2.881787
4186.95  2.448805
4188.19  2.338748
4189.43  2.667878
4190.67  3.533535
4191.91  2.577694
4193.15  2.537821
4194.40  2.148069
4195.64  2.133626
4196.88  3.526831
4198.12  2.12549
4199.36  1.998028
4200.60  2.144775
4201.84  2.111696
4203.08  3.179032
4204.32  1.974275
4205.56  2.177071
4206.80  2.548717
4208.04  2.778588
4209.29  3.725093
4210.53  3.09483
4211.77  2.50043
4213.01  2.674827
4214.25  3.064493
4215.49  2.981006
4216.73  2.358057
4217.97  2.776121
4219.21  2.282101
4220.45  3.030573
4221.69  3.480438
4222.94  1.841842
4224.18  2.236477
4225.42  2.263361
4226.66  2.669238
4227.90  2.664251
4229.14  2.174418
4230.38  2.683504
4231.62  2.080695
4232.86  2.97271
4234.10  2.937109
4235.34  2.010409
4236.59  2.285486
4237.83  2.844745
4239.07  3.881887
4240.31  2.422579
4241.55  2.382205
4242.79  2.669111
4244.03  2.337842
4245.27  2.993554
4246.51  2.388371
4247.75  2.628779
4248.99  2.839202
4250.23  2.569485
4251.48  3.019067
4252.72  2.701906
4253.96  2.679315
4255.20  2.592924
4256.44  2.494498
4257.68  3.349484
4258.92  2.686298
4260.16  2.254625
4261.40  2.676291
4262.64  2.91622
4263.88  3.994873
4265.13  2.567351
4266.37  3.068365
4267.61  2.544662
4268.85  3.205105
4270.09  3.988249
4271.33  3.524589
4272.57  4.626676
4273.81  5.107361
4275.05  4.693146
4276.29  4.56839
4277.53  3.05814
4278.77  2.919499
4280.02  2.379238
4281.26  3.175769
4282.50  3.307643
4283.74  2.448791
4284.98  2.645567
4286.22  2.366967
4287.46  3.322238
4288.70  2.932887
4289.94  2.427577
4291.18  2.55251
4292.42  2.54917
4293.67  3.406374
4294.91  2.836437
4296.15  2.362215
4297.39  2.66881
4298.63  2.411025
4299.87  3.049674
4301.11  2.604436
4302.35  2.438467
4303.59  2.34273
4304.83  2.47844
4306.07  3.32819
4307.31  2.733521
4308.56  2.711508
4309.80  2.946671
4311.04  2.673051
4312.28  3.354244
4313.52  2.811586
4314.76  2.834895
4316.00  3.487708
4317.24  4.451332
4318.48  6.490979
4319.72  5.654891
4320.96  5.81147
4322.21  4.429799
4323.45  2.880942
4324.69  3.381679
4325.93  2.544098
4327.17  2.537041
4328.41  2.531553
4329.65  2.823225
4330.89  3.115255
4332.13  2.444862
4333.37  3.324858
4334.61  2.633538
4335.85  3.133075
4337.10  3.354805
4338.34  2.462648
4339.58  2.425482
4340.82  2.653445
4342.06  3.126797
4343.30  3.307891
4344.54  2.932002
4345.78  2.637898
4347.02  2.21222
4348.26  3.133337
4349.50  2.796919
4350.75  2.084601
4351.99  2.544011
4353.23  2.303372
4354.47  2.942688
4355.71  3.024317
4356.95  2.18797
4358.19  2.647369
4359.43  2.957636
4360.67  3.506671
4361.91  3.067027
4363.15  2.857792
4364.40  3.077407
4365.64  2.610976
4366.88  3.410789
4368.12  2.697622
4369.36  2.316675
4370.60  3.272691
4371.84  2.672129
4373.08  3.208671
4374.32  3.299555
4375.56  3.217547
4376.80  3.806781
4378.04  3.445287
4379.29  4.043027
4380.53  2.897724
4381.77  2.581904
4383.01  2.485174
4384.25  2.368876
4385.49  3.080632
4386.73  2.315957
4387.97  2.513517
4389.21  2.82139
4390.45  2.624482
4391.69  3.56759
4392.94  2.649961
4394.18  2.150052
4395.42  2.651472
4396.66  2.721728
4397.90  3.441992
4399.14  2.631991
4400.38  2.945519
4401.62  3.099762
4402.86  2.737442
4404.10  2.964194
4405.34  2.101034
4406.58  3.009901
4407.83  2.555627
4409.07  2.571656
4410.31  2.830914
4411.55  1.882436
4412.79  2.391463
4414.03  2.654081
4415.27  3.294805
4416.51  4.087535
4417.75  2.068002
4418.99  2.595768
4420.23  2.236578
4421.48  2.742872
4422.72  3.206982
4423.96  2.504519
4425.20  2.658279
4426.44  2.702971
4427.68  2.995177
4428.92  3.36418
4430.16  1.487698
4431.40  2.665073
4432.64  2.062109
4433.88  2.830938
4435.12  3.295873
4436.37  2.169999
4437.61  2.371366
4438.85  2.603518
4440.09  3.203587
4441.33  2.692378
4442.57  2.215051
4443.81  2.955887
4445.05  2.62696
4446.29  3.485274
4447.53  3.383557
4448.77  1.957695
4450.02  2.696839
4451.26  2.768585
4452.50  3.937211
4453.74  4.362023
4454.98  3.530748
4456.22  3.383848
4457.46  2.870642
4458.70  3.066252
4459.94  2.55242
4461.18  2.96478
4462.42  4.274377
4463.67  4.307607
4464.91  4.507547
4466.15  3.178983
4467.39  2.562639
4468.63  2.817713
4469.87  2.957676
4471.11  3.311692
4472.35  2.544053
4473.59  2.605727
4474.83  2.719425
4476.07  2.674304
4477.31  3.705083
4478.56  2.456429
4479.80  2.223499
4481.04  2.302806
4482.28  2.628094
4483.52  3.340103
4484.76  2.201935
4486.00  2.3283
4487.24  2.360561
4488.48  2.695361
4489.72  3.202404
4490.96  2.422303
4492.21  2.197417
4493.45  2.631394
4494.69  2.806771
4495.93  3.176026
4497.17  2.377235
4498.41  2.925835
4499.65  2.993071
4500.89  3.890599
4502.13  4.802118
4503.37  4.032228
4504.61  3.150157
4505.85  2.490242
4507.10  3.129903
4508.34  3.548363
4509.58  2.246737
4510.82  2.129857
4512.06  2.938608
4513.30  2.874653
4514.54  3.259593
4515.78  1.968437
4517.02  2.266498
4518.26  2.333883
4519.50  2.865082
4520.75  3.427281
4521.99  2.324583
4523.23  2.192176
4524.47  2.43795
4525.71  2.515317
4526.95  2.973527
4528.19  2.2679
4529.43  3.060059
4530.67  2.621101
4531.91  2.755563
4533.15  2.588328
4534.39  1.79234
4535.64  2.984695
4536.88  2.250602
4538.12  3.2627
4539.36  3.19385
4540.60  2.232945
4541.84  2.700209
4543.08  2.808062
4544.32  3.083829
4545.56  3.000354
4546.80  2.348568
4548.04  2.786086
4549.29  2.715563
4550.53  3.005014
4551.77  3.124722
4553.01  2.636563
4554.25  2.85042
4555.49  2.248776
4556.73  2.899983
4557.97  3.65939
4559.21  2.467517
4560.45  2.781083
4561.69  2.977938
4562.94  3.478823
4564.18  3.133229
4565.42  2.200742
4566.66  2.749347
4567.90  2.810745
4569.14  2.875681
4570.38  2.679584
4571.62  2.592699
4572.86  3.033651
4574.10  2.687445
4575.34  3.251012
4576.58  3.008777
4577.83  2.608433
4579.07  2.904494
4580.31  2.461033
4581.55  3.217206
4582.79  2.830347
4584.03  2.172059
4585.27  2.779921
4586.51  2.753697
4587.75  3.247149
4588.99  2.742734
4590.23  2.289307
4591.48  2.674858
4592.72  2.580786
4593.96  3.455381
4595.20  2.693295
4596.44  2.07264
4597.68  2.724101
4598.92  2.745762
4600.16  3.267825
4601.40  2.344364
4602.64  2.445961
4603.88  2.631252
4605.12  2.553436
4606.37  3.552274
4607.61  2.915962
4608.85  1.959325
4610.09  2.422598
4611.33  2.826941
4612.57  3.48218
4613.81  2.309191
4615.05  2.52038
4616.29  3.000202
4617.53  2.569391
4618.77  3.024141
4620.02  2.369132
4621.26  2.620338
4622.50  2.773067
4623.74  2.790921
4624.98  3.537963
4626.22  2.887395
4627.46  2.700945
4628.70  2.226913
4629.94  2.542101
4631.18  3.519211
4632.42  2.902812
4633.66  2.368905
4634.91  2.642135
4636.15  2.511297
4637.39  3.145567
4638.63  2.319504
4639.87  2.519715
4641.11  3.008222
4642.35  2.923772
4643.59  3.70887
4644.83  2.555337
4646.07  2.308513
4647.31  2.5669
4648.56  3.224957
4649.80  3.575902
4651.04  2.244812
4652.28  2.572685
4653.52  2.639112
4654.76  2.896185
4656.00  3.029229
4657.24  2.261637
4658.48  2.69831
4659.72  2.478656
4660.96  2.674385
4662.21  3.910399
4663.45  2.268238
4664.69  2.615105
4665.93  2.950086
4667.17  2.528093
4668.41  3.468408
4669.65  2.268113
4670.89  3.103616
4672.13  2.758074
4673.37  2.788003
4674.61  3.14302
4675.85  2.52734
4677.10  2.598672
4678.34  2.423754
4679.58  2.600503
4680.82  3.186365
4682.06  2.503459
4683.30  2.701411
4684.54  2.592568
4685.78  2.749747
4687.02  3.729707
4688.26  2.401099
4689.50  2.145854
4690.75  2.663929
4691.99  2.975151
4693.23  3.462113
4694.47  2.367298
4695.71  2.74354
4696.95  2.425682
4698.19  2.65959
4699.43  3.627512
4700.67  2.139793
4701.91  2.668743
4703.15  2.547866
4704.39  2.757249
4705.64  2.734485
4706.88  2.210156
4708.12  2.583213
4709.36  2.468335
4710.60  3.134909
4711.84  3.346924
4713.08  2.316846
4714.32  2.209683
4715.56  2.708873
4716.80  2.774153
4718.04  3.159788
4719.29  2.497882
4720.53  2.740321
4721.77  2.282744
4723.01  3.093769
4724.25  3.619557
4725.49  1.909436
4726.73  2.503733
4727.97  2.355565
4729.21  2.785978
4730.45  2.952442
4731.69  2.043483
4732.93  2.744773
4734.18  2.40633
4735.42  2.930174
4736.66  3.40615
4737.90  2.719924
4739.14  2.904651
4740.38  2.247502
4741.62  3.092006
4742.86  2.988502
4744.10  1.990588
4745.34  2.632068
4746.58  2.417221
4747.83  3.332981
4749.07  3.171044
4750.31  2.249352
4751.55  2.733927
4752.79  2.112899
4754.03  2.970899
4755.27  2.67141
4756.51  1.902448
4757.75  2.513652
4758.99  2.351226
4760.23  2.140886
4761.48  2.518802
4762.72  2.090023
4763.96  2.529083
4765.20  2.408399
4766.44  2.91065
4767.68  2.880443
4768.92  2.293545
4770.16  3.067925
4771.40  2.745072
4772.64  3.109211
4773.88  3.062051
4775.12  2.090319
4776.37  2.598866
4777.61  2.386589
4778.85  2.963078
4780.09  2.859527
4781.33  2.195742
4782.57  2.075892
4783.81  2.4596
4785.05  3.5746
4786.29  3.999338
4787.53  2.234015
4788.77  2.69272
4790.02  2.666586
4791.26  2.75413
4792.50  2.716744
4793.74  1.8982
4794.98  2.411279
4796.22  2.569245
4797.46  2.972677
4798.70  3.002607
4799.94  2.240828
4801.18  2.963304
4802.42  2.39793
4803.66  2.964721
4804.91  3.1128
4806.15  2.336697
4807.39  2.894792
4808.63  2.544504
4809.87  2.690696
4811.11  3.059268
4812.35  2.430979
4813.59  3.136214
4814.83  3.442782
4816.07  3.111831
4817.31  2.8947
4818.56  2.679383
4819.80  2.957722
4821.04  2.402274
4822.28  3.182745
4823.52  3.130072
4824.76  2.631247
4826.00  2.550423
4827.24  2.267808
4828.48  3.103406
4829.72  2.555302
4830.96  1.98802
4832.20  2.616688
4833.45  2.740822
4834.69  3.651985
4835.93  3.174309
4837.17  2.116654
4838.41  2.919156
4839.65  2.915846
4840.89  3.18548
4842.13  3.065078
4843.37  2.48449
4844.61  2.742153
4845.85  2.358228
4847.10  3.226696
4848.34  3.02285
4849.58  2.422202
4850.82  2.968188
4852.06  2.484031
4853.30  3.033666
4854.54  2.966519
4855.78  2.38818
4857.02  2.878294
4858.26  2.345478
4859.50  3.732824
4860.75  3.334241
4861.99  2.283058
4863.23  2.6998
4864.47  2.458411
4865.71  3.41457
4866.95  3.12199
4868.19  2.393531
4869.43  2.795678
4870.67  2.170675
4871.91  2.89393
4873.15  2.979084
4874.39  2.285054
4875.64  2.903286
4876.88  2.271621
4878.12  3.281359
4879.36  3.076504
4880.60  2.225403
4881.84  2.693559
4883.08  2.536077
4884.32  3.40586
4885.56  3.193076
4886.80  2.238033
4888.04  2.573114
4889.29  2.42457
4890.53  3.301658
4891.77  2.836035
4893.01  2.255556
4894.25  2.611773
4895.49  2.366105
4896.73  3.442792
4897.97  3.642458
4899.21  2.40327
4900.45  2.614794
4901.69  2.355991
4902.93  2.892796
4904.18  3.138648
4905.42  2.601627
4906.66  2.879139
4907.90  2.390419
4909.14  3.129957
4910.38  3.25544
4911.62  2.196074
4912.86  2.571043
4914.10  2.414556
4915.34  2.805647
4916.58  3.020836
4917.83  2.551021
4919.07  3.092992
4920.31  2.782801
4921.55  3.1139
4922.79  3.468727
4924.03  2.890867
4925.27  2.511643
4926.51  2.654566
4927.75  3.235756
4928.99  2.82879
4930.23  2.448274
4931.47  2.942947
4932.72  2.695107
4933.96  2.820912
4935.20  3.111867
4936.44  2.44461
4937.68  3.161953
4938.92  3.016191
4940.16  3.35428
4941.40  3.5354
4942.64  2.16197
4943.88  2.718056
4945.12  2.74116
4946.37  2.867608
4947.61  3.05617
4948.85  2.262485
4950.09  2.69296
4951.33  2.138982
4952.57  3.008384
4953.81  3.488352
4955.05  2.206714
4956.29  2.535794
4957.53  2.652909
4958.77  3.408875
4960.01  2.828122
4961.26  2.127809
4962.50  3.24675
4963.74  2.618634
4964.98  3.317074
4966.22  3.359527
4967.46  2.078352
4968.70  2.964401
4969.94  3.086997
4971.18  2.634962
4972.42  3.38928
4973.66  2.50227
4974.91  2.717125
4976.15  2.78511
4977.39  3.07071
4978.63  3.239332
4979.87  2.833442
4981.11  3.128328
4982.35  2.648916
4983.59  3.101747
4984.83  3.319732
4986.07  2.176575
4987.31  2.615052
4988.56  3.216341
4989.80  3.138348
4991.04  2.941434
4992.28  2.27633
4993.52  2.216715
4994.76  1.77998
4996.00  2.708051
4997.24  3.355871
4998.48  2.463461
4999.72  2.862048
5000.96  2.66183
5002.20  3.152519
5003.45  3.644951
5004.69  2.239658
5005.93  2.435926
5007.17  2.684992
5008.41  3.069781
5009.65  3.045696
5010.89  2.215113
5012.13  2.545785
5013.37  2.753632
5014.61  3.067421
5015.85  3.193012
5017.10  2.13906
5018.34  3.109725
5019.58  2.38323
5020.82  3.152642
5022.06  3.72584
5023.30  2.225821
5024.54  2.475762
5025.78  2.29478
5027.02  2.974032
5028.26  3.130966
5029.50  2.062567
5030.74  2.58609
5031.99  2.354797
5033.23  2.920999
5034.47  2.941767
5035.71  2.225301
5036.95  2.765702
5038.19  2.519987
5039.43  3.039746
5040.67  3.571816
5041.91  2.352947
5043.15  2.725507
5044.39  2.14361
5045.64  3.044724
5046.88  3.547622
5048.12  1.70585
5049.36  2.475652
5050.60  2.824028
5051.84  2.659989
5053.08  3.487989
5054.32  2.246413
5055.56  2.856086
5056.80  3.089209
5058.04  2.841385
5059.28  3.784558
5060.53  2.405728
5061.77  2.423187
5063.01  2.218542
5064.25  2.5951
5065.49  3.125588
5066.73  3.060133
5067.97  2.608937
5069.21  2.478105
5070.45  2.562885
5071.69  3.390538
5072.93  2.422374
5074.18  2.789325
5075.42  2.889522
5076.66  2.585048
5077.90  3.58478
5079.14  2.763189
5080.38  2.523585
5081.62  2.36203
5082.86  2.670826
5084.10  3.172081
5085.34  2.625372
5086.58  2.369281
5087.83  2.892178
5089.07  2.603864
5090.31  3.390521
5091.55  2.378709
5092.79  2.102571
5094.03  2.659693
5095.27  2.766118
5096.51  3.691866
5097.75  2.682268
5098.99  2.390315
5100.23  2.277914
5101.47  2.519378
5102.72  2.984284
5103.96  2.327604
5105.20  2.282252
5106.44  2.819809
5107.68  2.708407
5108.92  3.248996
5110.16  2.282891
5111.40  2.622375
5112.64  3.048059
5113.88  2.387676
5115.12  3.131861
5116.37  3.041139
5117.61  2.752916
5118.85  2.794197
5120.09  7.020935
5121.33  5.376956
5122.57  2.303202
5123.81  2.183456
5125.05  3.722035
5126.29  3.441206
5127.53  3.613773
5128.77  2.28519
5130.01  2.01998
5131.26  2.641341
5132.50  2.664127
5133.74  3.458643
5134.98  2.315942
5136.22  2.315996
5137.46  2.863775
5138.70  2.579667
5139.94  3.383146
5141.18  3.261458
5142.42  2.908878
5143.66  2.585491
5144.91  2.932987
5146.15  3.610736
5147.39  2.588478
5148.63  2.243712
5149.87  2.416035
5151.11  2.310153
5152.35  3.266076
5153.59  2.576759
5154.83  2.242234
5156.07  2.341019
5157.31  1.916165
5158.55  3.312225
5159.80  2.739748
5161.04  2.010899
5162.28  2.846604
5163.52  2.75834
5164.76  3.325995
5166.00  2.98271
5167.24  2.635357
5168.48  3.12384
5169.72  2.737025
5170.96  3.53473
5172.20  3.375427
5173.45  2.439579
5174.69  2.471844
5175.93  2.74711
5177.17  3.7575
5178.41  2.809237
5179.65  2.0126
5180.89  2.639463
5182.13  2.595786
5183.37  2.741972
5184.61  2.392176
5185.85  2.492446
5187.10  2.426263
5188.34  2.603498
5189.58  2.97331
5190.82  3.205037
5192.06  2.458613
5193.30  2.108322
5194.54  2.610906
5195.78  3.900072
5197.02  3.070164
5198.26  2.716639
5199.50  2.143393
5200.74  2.398461
5201.99  2.766959
5203.23  3.154989
5204.47  2.39015
5205.71  2.378517
5206.95  2.921497
5208.19  2.394567
5209.43  2.363943
5210.67  2.320595
5211.91  2.194209
5213.15  2.782324
5214.39  2.220905
5215.64  2.734661
5216.88  2.575433
5218.12  1.986449
5219.36  2.731091
5220.60  2.623594
5221.84  2.784231
5223.08  2.409711
5224.32  2.122904
5225.56  2.941045
5226.80  2.459937
5228.04  2.6722
5229.28  2.417109
5230.53  1.913132
5231.77  2.797311
5233.01  2.735693
5234.25  2.94838
5235.49  2.648316
5236.73  2.3645
5237.97  2.886407
5239.21  2.34138
5240.45  2.592558
5241.69  2.491166
5242.93  2.326105
5244.18  2.891749
5245.42  2.812428
5246.66  3.068048
5247.90  2.628744
5249.14  2.516917
5250.38  2.923247
5251.62  2.655221
5252.86  2.92707
5254.10  2.0462
5255.34  1.944864
5256.58  2.736308
5257.82  2.692244
5259.07  2.745042
5260.31  2.408929
5261.55  2.03703
5262.79  2.624785
5264.03  2.613133
5265.27  2.61832
5266.51  2.492379
5267.75  2.247705
5268.99  2.748947
5270.23  3.021605
5271.47  2.947258
5272.72  2.03979
5273.96  2.057798
5275.20  2.515058
5276.44  2.95178
5277.68  2.970021
5278.92  2.051691
5280.16  2.033635
5281.40  2.626706
5282.64  3.200561
5283.88  2.900465
5285.12  2.232829
5286.37  2.282093
5287.61  2.571477
5288.85  2.869602
5290.09  2.528335
5291.33  2.550252
5292.57  2.517346
5293.81  2.512156
5295.05  2.705062
5296.29  2.893444
5297.53  2.545214
5298.77  2.194118
5300.01  2.222653
5301.26  2.956102
5302.50  2.855334
5303.74  2.313985
5304.98  2.172553
5306.22  2.45979
5307.46  2.947617
5308.70  2.368155
5309.94  2.525263
5311.18  2.530018
5312.42  2.72207
5313.66  2.890775
5314.91  2.321814
5316.15  2.452811
5317.39  2.299391
5318.63  2.784129
5319.87  3.491091
5321.11  2.457084
5322.35  2.393495
5323.59  2.419474
5324.83  2.685076
5326.07  3.123714
5327.31  2.308785
5328.55  2.516432
5329.80  2.642387
5331.04  2.694603
5332.28  3.339223
5333.52  2.566578
5334.76  2.412236
5336.00  2.524547
5337.24  2.755844
5338.48  3.011004
5339.72  1.963784
5340.96  2.118758
5342.20  2.395275
5343.45  2.529695
5344.69  3.176714
5345.93  2.495705
5347.17  2.535436
5348.41  2.388232
5349.65  2.710649
5350.89  2.829467
5352.13  2.217957
5353.37  2.521019
5354.61  2.337955
5355.85  2.540331
5357.09  3.095631
5358.34  2.410815
5359.58  2.631979
5360.82  2.112179
5362.06  2.097362
5363.30  3.402655
5364.54  2.177376
5365.78  2.314801
5367.02  2.41964
5368.26  2.692332
5369.50  3.530372
5370.74  2.470867
5371.99  2.094877
5373.23  2.65468
5374.47  2.666288
5375.71  2.779851
5376.95  2.149204
5378.19  2.285392
5379.43  2.111619
5380.67  2.436094
5381.91  3.04889
5383.15  2.322365
5384.39  2.588624
5385.64  2.382366
5386.88  2.353368
5388.12  2.961713
5389.36  2.456233
5390.60  2.371567
5391.84  2.365567
5393.08  2.903248
5394.32  2.866505
5395.56  2.371478
5396.80  2.472516
5398.04  2.263633
5399.28  2.600209
5400.53  2.779318
5401.77  2.500523
5403.01  2.412035
5404.25  2.227842
5405.49  2.349189
5406.73  2.902252
5407.97  2.381281
5409.21  2.372716
5410.45  2.261149
5411.69  2.605574
5412.93  2.693801
5414.18  2.14066
5415.42  2.339879
5416.66  2.339116
5417.90  2.383021
5419.14  2.322441
5420.38  2.408315
5421.62  2.436074
5422.86  2.440515
5424.10  3.012682
5425.34  2.484557
5426.58  2.271688
5427.82  2.264595
5429.07  2.794627
5430.31  2.549009
5431.55  2.375803
5432.79  2.652177
5434.03  2.730317
5435.27  2.833478
5436.51  3.099095
5437.75  2.647715
5438.99  2.618461
5440.23  2.814689
5441.47  2.833879
5442.72  2.564799
5443.96  2.879185
5445.20  3.209317
5446.44  2.505984
5447.68  2.699153
5448.92  2.702591
5450.16  2.106104
5451.40  2.676157
5452.64  2.669705
5453.88  2.33162
5455.12  2.75628
5456.36  2.977622
5457.61  3.031149
5458.85  2.596993
5460.09  2.789638
5461.33  2.9845
5462.57  2.323452
5463.81  2.84959
5465.05  2.438178
5466.29  2.586731
5467.53  2.74949
5468.77  2.422857
5470.01  2.920059
5471.26  2.298506
5472.50  2.735487
5473.74  2.775156
5474.98  2.112595
5476.22  2.971957
5477.46  2.600774
5478.70  2.544069
5479.94  2.4005
5481.18  2.104811
5482.42  3.086076
5483.66  2.769563
5484.91  2.707174
5486.15  3.059674
5487.39  2.521018
5488.63  2.705373
5489.87  2.637305
5491.11  2.890579
5492.35  3.003395
5493.59  2.699037
5494.83  2.987612
5496.07  2.348036
5497.31  2.683353
5498.55  2.579393
5499.80  2.274328
5501.04  3.022128
5502.28  2.892551
5503.52  2.690934
5504.76  2.565972
5506.00  2.210984
5507.24  3.054554
5508.48  2.508085
5509.72  2.593879
5510.96  2.726809
5512.20  2.424653
5513.45  3.436258
5514.69  2.874637
5515.93  2.518865
5517.17  2.91027
5518.41  2.344169
5519.65  3.107552
5520.89  2.74952
5522.13  2.644478
5523.37  2.764849
5524.61  2.186799
5525.85  2.334019
5527.09  2.14395
5528.34  2.633078
5529.58  2.802166
5530.82  2.342053
5532.06  2.652071
5533.30  2.386972
5534.54  2.545189
5535.78  2.833978
5537.02  2.07406
5538.26  2.608466
5539.50  2.435732
5540.74  2.291215
5541.99  2.684889
5543.23  2.323925
5544.47  2.731462
5545.71  2.781066
5546.95  3.110239
5548.19  2.987885
5549.43  2.241759
5550.67  2.800487
5551.91  2.82094
5553.15  2.752488
5554.39  2.758162
5555.63  2.632497
5556.88  3.103463
5558.12  3.581315
5559.36  5.104393
5560.60  6.9997
5561.84  8.530954
5563.08  8.879267
5564.32  7.565134
5565.56  7.544893
5566.80  10.85622
5568.04  18.56272
5569.28  28.6485
5570.53  32.8607
5571.77  26.66501
5573.01  15.03254
5574.25  8.236752
5575.49  6.18206
5576.73  5.105754
5577.97  4.089541
5579.21  3.16451
5580.45  2.833849
5581.69  2.78624
5582.93  2.922355
5584.17  3.211739
5585.42  2.935437
5586.66  2.529777
5587.90  2.546122
5589.14  3.017464
5590.38  3.12172
5591.62  2.510945
5592.86  2.274249
5594.10  2.201041
5595.34  2.737586
5596.58  2.928523
5597.82  2.340354
5599.07  2.329672
5600.31  2.519323
5601.55  2.978638
5602.79  2.917436
5604.03  2.586748
5605.27  2.82048
5606.51  2.806238
5607.75  2.804885
5608.99  2.954399
5610.23  2.730066
5611.47  2.844553
5612.72  2.311615
5613.96  2.940347
5615.20  2.95962
5616.44  2.256863
5617.68  2.290001
5618.92  2.347034
5620.16  2.955245
5621.40  2.962626
5622.64  2.439744
5623.88  2.431756
5625.12  2.38873
5626.36  3.190676
5627.61  2.890481
5628.85  2.294157
5630.09  2.795476
5631.33  2.400888
5632.57  2.787089
5633.81  3.060203
5635.05  2.403161
5636.29  2.374386
5637.53  2.001855
5638.77  3.101514
5640.01  2.963912
5641.26  2.09106
5642.50  2.93079
5643.74  2.457419
5644.98  2.819892
5646.22  3.34999
5647.46  2.68399
5648.70  3.044784
5649.94  2.906835
5651.18  3.095979
5652.42  3.177943
5653.66  2.439023
5654.90  2.203285
5656.15  2.175591
5657.39  2.867988
5658.63  3.306806
5659.87  2.176046
5661.11  2.620204
5662.35  2.659748
5663.59  2.808134
5664.83  3.388684
5666.07  2.353864
5667.31  2.768834
5668.55  2.276614
5669.80  2.53186
5671.04  2.930044
5672.28  2.463805
5673.52  2.619067
5674.76  2.512985
5676.00  2.470826
5677.24  3.327619
5678.48  2.393856
5679.72  2.548243
5680.96  2.529892
5682.20  2.625742
5683.44  3.293067
5684.69  2.35341
5685.93  2.46743
5687.17  2.129649
5688.41  2.65514
5689.65  3.458438
5690.89  2.539326
5692.13  2.507488
5693.37  2.375965
5694.61  2.568281
5695.85  3.320738
5697.09  2.681929
5698.34  2.854948
5699.58  2.63136
5700.82  2.583644
5702.06  3.309894
5703.30  2.539278
5704.54  2.557775
5705.78  2.556948
5707.02  2.646384
5708.26  3.518828
5709.50  2.587293
5710.74  2.742203
5711.99  2.558421
5713.23  2.612149
5714.47  3.054677
5715.71  2.214037
5716.95  2.427765
5718.19  2.449425
5719.43  2.639961
5720.67  3.440826
5721.91  2.512619
5723.15  2.622879
5724.39  2.360366
5725.63  2.637158
5726.88  3.582009
5728.12  2.229079
5729.36  2.355324
5730.60  2.284425
5731.84  2.868012
5733.08  3.169129
5734.32  2.395242
5735.56  2.432526
5736.80  2.242419
5738.04  2.211865
5739.28  3.120017
5740.53  2.413576
5741.77  2.182212
5743.01  2.381047
5744.25  2.157353
5745.49  3.062465
5746.73  2.503829
5747.97  2.542975
5749.21  3.070934
5750.45  2.737651
5751.69  3.757475
5752.93  2.752378
5754.17  2.379794
5755.42  2.686599
5756.66  2.652395
5757.90  3.143525
5759.14  2.61723
5760.38  2.674818
5761.62  2.43533
5762.86  2.331611
5764.10  3.400172
5765.34  2.978098
5766.58  2.734475
5767.82  2.846574
5769.07  2.475352
5770.31  3.148561
5771.55  2.767562
5772.79  2.788465
5774.03  2.798043
5775.27  2.573386
5776.51  2.973409
5777.75  2.613045
5778.99  2.54041
5780.23  2.441838
5781.47  2.510137
5782.71  3.217243
5783.96  2.749286
5785.20  2.389803
5786.44  2.521628
5787.68  2.567357
5788.92  3.147649
5790.16  2.930079
5791.40  2.584155
5792.64  2.487308
5793.88  2.50048
5795.12  2.825861
5796.36  2.589891
5797.61  2.756868
5798.85  2.811849
5800.09  2.889446
5801.33  2.704548
5802.57  2.678245
5803.81  2.716431
5805.05  2.545156
5806.29  2.57765
5807.53  3.14432
5808.77  2.778063
5810.01  2.519342
5811.26  2.652082
5812.50  2.540382
5813.74  2.788248
5814.98  2.900609
5816.22  2.682696
5817.46  2.430098
5818.70  2.199268
5819.94  2.980557
5821.18  2.962277
5822.42  2.096037
5823.66  2.642271
5824.90  3.188956
5826.15  3.309576
5827.39  3.602914
5828.63  3.254137
5829.87  2.756473
5831.11  2.84399
5832.35  3.201488
5833.59  3.440529
5834.83  3.258402
5836.07  2.769011
5837.31  2.633786
5838.55  3.010863
5839.80  2.887827
5841.04  2.630498
5842.28  2.467487
5843.52  2.531361
5844.76  2.769937
5846.00  2.573925
5847.24  2.574934
5848.48  2.794662
5849.72  2.501525
5850.96  2.54584
5852.20  2.775929
5853.44  2.657579
5854.69  2.597944
5855.93  2.416672
5857.17  2.768971
5858.41  3.19031
5859.65  2.934739
5860.89  3.016298
5862.13  3.384714
5863.37  3.906836
5864.61  5.185079
5865.85  6.721353
5867.09  10.19611
5868.34  21.45586
5869.58  39.02331
5870.82  46.90653
5872.06  39.6999
5873.30  23.85443
5874.54  13.11242
5875.78  8.846451
5877.02  6.460633
5878.26  5.92078
5879.50  5.558244
5880.74  5.256671
5881.98  3.965549
5883.23  3.135532
5884.47  3.173776
5885.71  2.745995
5886.95  2.877624
5888.19  2.99938
5889.43  2.851314
5890.67  2.849598
5891.91  2.839355
5893.15  2.708269
5894.39  2.43606
5895.63  2.686701
5896.88  2.974388
5898.12  2.798402
5899.36  2.721596
5900.60  2.78631
5901.84  2.481914
5903.08  2.914808
5904.32  2.460665
5905.56  2.14732
5906.80  2.644542
5908.04  2.809876
5909.28  2.925796
5910.53  2.685096
5911.77  2.358822
5913.01  2.978034
5914.25  2.896688
5915.49  2.569399
5916.73  2.435899
5917.97  2.550853
5919.21  3.022927
5920.45  2.666182
5921.69  2.615256
5922.93  2.710378
5924.17  2.892596
5925.42  2.757385
5926.66  2.812015
5927.90  2.931307
5929.14  2.743223
5930.38  2.223188
5931.62  2.457534
5932.86  2.482779
5934.10  2.955631
5935.34  2.815648
5936.58  2.684426
5937.82  3.120741
5939.07  2.671925
5940.31  2.524681
5941.55  2.53886
5942.79  2.628296
5944.03  2.746998
5945.27  2.532615
5946.51  3.012139
5947.75  3.061214
5948.99  2.733155
5950.23  2.984599
5951.47  2.60674
5952.71  2.876689
5953.96  2.657741
5955.20  2.538594
5956.44  2.946264
5957.68  2.731781
5958.92  2.319707
5960.16  2.50467
5961.40  2.549254
5962.64  2.884709
5963.88  2.470074
5965.12  2.654081
5966.36  2.819918
5967.61  2.660911
5968.85  2.962174
5970.09  2.677969
5971.33  2.869927
5972.57  3.205567
5973.81  2.984184
5975.05  2.947468
5976.29  2.562699
5977.53  2.87784
5978.77  3.193665
5980.01  2.559877
5981.25  2.630974
5982.50  2.450626
5983.74  2.089724
5984.98  2.778455
5986.22  2.482615
5987.46  2.760437
5988.70  2.411958
5989.94  2.688715
5991.18  3.189943
5992.42  3.507796
5993.66  4.468551
5994.90  4.131298
5996.15  3.247818
5997.39  3.293019
5998.63  2.742235
5999.87  2.90994
6001.11  2.702305
6002.35  2.625596
6003.59  3.242776
6004.83  2.584248
6006.07  2.536963
6007.31  3.053103
6008.55  2.869007
6009.80  3.260784
6011.04  3.028795
6012.28  3.700296
6013.52  3.556369
6014.76  2.715876
6016.00  3.098579
6017.24  2.584188
6018.48  2.84426
6019.72  3.057515
6020.96  2.581523
6022.20  2.92159
6023.44  2.77025
6024.69  2.304332
6025.93  2.72275
6027.17  2.678489
6028.41  3.043468
6029.65  2.708288
6030.89  2.764964
6032.13  2.673179
6033.37  2.048368
6034.61  3.133968
6035.85  2.456332
6037.09  2.842664
6038.34  3.067326
6039.58  2.167181
6040.82  3.080142
6042.06  2.742708
6043.30  2.568214
6044.54  3.202284
6045.78  2.483366
6047.02  2.698582
6048.26  2.510197
6049.50  2.529475
6050.74  3.185522
6051.98  2.712549
6053.23  3.220866
6054.47  3.207723
6055.71  3.570472
6056.95  4.097859
6058.19  3.004024
6059.43  2.99015
6060.67  2.662419
6061.91  2.819492
6063.15  3.397003
6064.39  2.586431
6065.63  2.947211
6066.88  2.73484
6068.12  2.649255
6069.36  3.064254
6070.60  2.286756
6071.84  2.772066
6073.08  2.918376
6074.32  2.554381
6075.56  2.801941
6076.80  2.588197
6078.04  2.81991
6079.28  2.977222
6080.52  3.064729
6081.77  3.397128
6083.01  2.804402
6084.25  2.999883
6085.49  3.008999
6086.73  2.694337
6087.97  3.30137
6089.21  2.550669
6090.45  2.429646
6091.69  2.70381
6092.93  2.513425
6094.17  2.937996
6095.42  2.618091
6096.66  2.639698
6097.90  2.623976
6099.14  2.413538
6100.38  2.781552
6101.62  2.148859
6102.86  2.232304
6104.10  2.717809
6105.34  2.555308
6106.58  2.879089
6107.82  2.32208
6109.07  2.28838
6110.31  2.714413
6111.55  2.516746
6112.79  2.912827
6114.03  2.843826
6115.27  2.560444
6116.51  2.932437
6117.75  2.580953
6118.99  2.839031
6120.23  3.033408
6121.47  2.50925
6122.71  2.814644
6123.96  2.695851
6125.20  2.857496
6126.44  2.461328
6127.68  2.282697
6128.92  2.786167
6130.16  2.48587
6131.40  2.770249
6132.64  2.650898
6133.88  2.193489
6135.12  2.937994
6136.36  2.975266
6137.61  2.843178
6138.85  2.881408
6140.09  2.405621
6141.33  3.03428
6142.57  2.517334
6143.81  2.814
6145.05  3.105159
6146.29  2.534702
6147.53  3.115515
6148.77  2.766179
6150.01  2.665697
6151.25  3.31861
6152.50  2.474964
6153.74  3.079454
6154.98  2.857789
6156.22  2.751021
6157.46  3.080962
6158.70  2.592785
6159.94  3.10452
6161.18  2.920563
6162.42  2.698261
6163.66  3.254916
6164.90  2.499583
6166.15  2.989355
6167.39  2.808811
6168.63  2.521692
6169.87  2.85013
6171.11  2.335946
6172.35  2.986429
6173.59  2.902563
6174.83  2.48634
6176.07  2.921388
6177.31  2.474889
6178.55  2.80587
6179.79  2.387617
6181.04  2.25079
6182.28  2.78012
6183.52  2.317569
6184.76  2.797631
6186.00  2.911252
6187.24  2.642822
6188.48  2.771885
6189.72  2.263009
6190.96  3.143125
6192.20  2.965921
6193.44  2.643709
6194.69  3.070065
6195.93  2.255975
6197.17  2.63742
6198.41  2.971154
6199.65  2.673906
6200.89  2.810483
6202.13  2.229742
6203.37  2.770933
6204.61  2.710218
6205.85  2.35314
6207.09  2.901508
6208.34  2.606812
6209.58  2.605695
6210.82  2.890592
6212.06  2.939154
6213.30  3.178872
6214.54  2.434327
6215.78  2.702756
6217.02  2.8539
6218.26  2.515069
6219.50  2.993058
6220.74  2.526609
6221.98  2.815516
6223.23  3.086414
6224.47  2.229186
6225.71  2.787698
6226.95  2.738063
6228.19  2.601851
6229.43  3.325141
6230.67  2.685712
6231.91  2.683321
6233.15  2.753777
6234.39  2.824408
6235.63  3.426558
6236.88  3.024404
6238.12  3.025795
6239.36  2.859851
6240.60  2.655351
6241.84  3.243946
6243.08  2.884586
6244.32  3.199845
6245.56  2.785298
6246.80  2.409055
6248.04  3.31579
6249.28  2.93672
6250.52  3.458256
6251.77  3.071141
6253.01  2.663711
6254.25  3.148879
6255.49  2.6113
6256.73  2.43265
6257.97  2.657773
6259.21  2.462837
6260.45  2.885775
6261.69  2.82846
6262.93  2.936495
6264.17  2.927638
6265.42  2.377049
6266.66  2.979423
6267.90  2.591736
6269.14  2.758686
6270.38  2.988895
6271.62  2.367702
6272.86  2.702663
6274.10  2.221718
6275.34  2.865711
6276.58  3.089641
6277.82  2.496803
6279.06  2.999065
6280.31  2.6536
6281.55  2.669529
6282.79  3.113396
6284.03  2.464855
6285.27  3.108048
6286.51  2.698639
6287.75  2.631407
6288.99  3.18344
6290.23  2.59856
6291.47  2.722889
6292.71  2.880908
6293.96  2.555488
6295.20  2.665269
6296.44  2.462882
6297.68  2.859582
6298.92  2.987123
6300.16  2.822086
6301.40  3.030797
6302.64  2.954337
6303.88  3.210377
6305.12  2.938795
6306.36  2.471036
6307.60  2.979977
6308.85  2.461195
6310.09  2.734849
6311.33  2.567338
6312.57  2.355276
6313.81  2.531622
6315.05  2.377611
6316.29  3.137824
6317.53  3.056322
6318.77  2.876209
6320.01  2.985532
6321.25  2.436698
6322.50  2.634179
6323.74  2.583333
6324.98  2.533059
6326.22  2.957755
6327.46  2.44532
6328.70  3.017592
6329.94  3.188702
6331.18  2.734975
6332.42  2.924001
6333.66  2.815753
6334.90  3.065022
6336.15  2.993459
6337.39  2.359323
6338.63  2.78314
6339.87  2.844664
6341.11  2.496981
6342.35  2.689799
6343.59  2.729409
6344.83  3.064414
6346.07  2.898932
6347.31  2.755038
6348.55  3.311006
6349.79  2.603971
6351.04  2.98757
6352.28  3.009477
6353.52  2.632306
6354.76  2.611368
6356.00  2.333373
6357.24  2.605285
6358.48  2.859603
6359.72  2.79448
6360.96  3.102059
6362.20  2.615218
6363.44  2.671512
6364.69  2.895422
6365.93  3.033941
6367.17  3.476494
6368.41  4.619085
6369.65  3.180995
6370.89  2.800429
6372.13  3.257849
6373.37  3.826847
6374.61  2.757196
6375.85  3.27921
6377.09  3.00116
6378.33  2.878583
6379.58  3.16172
6380.82  2.735929
6382.06  2.909166
6383.30  3.143589
6384.54  2.937633
6385.78  3.027913
6387.02  2.849712
6388.26  2.878986
6389.50  3.300952
6390.74  2.873077
6391.98  2.839282
6393.23  3.084476
6394.47  3.101805
6395.71  3.105688
6396.95  2.682223
6398.19  2.94108
6399.43  2.955092
6400.67  2.925134
6401.91  3.083811
6403.15  2.746726
6404.39  2.049678
6405.63  10.88442
6406.87  16.14504
6408.12  5.629726
6409.36  2.920399
6410.60  3.128166
6411.84  3.031362
6413.08  2.974857
6414.32  2.969768
6415.56  2.907495
6416.80  3.100461
6418.04  3.348951
6419.28  3.401989
6420.52  3.988598
6421.77  3.985945
6423.01  3.939172
6424.25  3.513251
6425.49  2.786027
6426.73  2.65002
6427.97  2.873774
6429.21  3.470846
6430.45  2.895448
6431.69  2.581173
6432.93  2.533664
6434.17  3.001323
6435.42  3.369962
6436.66  3.293104
6437.90  2.383602
6439.14  2.813034
6440.38  2.942176
6441.62  2.888123
6442.86  2.763149
6444.10  2.540284
6445.34  2.986527
6446.58  2.81409
6447.82  3.43531
6449.06  3.025625
6450.31  2.764854
6451.55  2.745467
6452.79  3.345322
6454.03  4.432011
6455.27  4.707762
6456.51  4.778984
6457.75  5.003847
6458.99  3.977697
6460.23  4.186542
6461.47  3.251195
6462.71  2.530828
6463.96  2.729788
6465.20  2.703595
6466.44  3.345599
6467.68  3.00331
6468.92  2.411085
6470.16  2.732421
6471.40  2.854489
6472.64  3.45822
6473.88  2.886582
6475.12  2.541376
6476.36  2.580146
6477.60  2.490544
6478.85  3.169826
6480.09  2.782508
6481.33  2.544348
6482.57  2.640347
6483.81  2.433069
6485.05  3.385673
6486.29  2.749165
6487.53  2.491832
6488.77  2.963728
6490.01  2.679977
6491.25  3.327334
6492.50  2.835909
6493.74  2.349753
6494.98  2.713958
6496.22  2.68338
6497.46  3.185635
6498.70  2.836645
6499.94  2.276269
6501.18  2.614138
6502.42  2.850757
6503.66  3.161882
6504.90  2.880313
6506.14  2.632805
6507.39  2.63416
6508.63  2.605926
6509.87  2.990021
6511.11  3.04388
6512.35  2.921048
6513.59  2.612849
6514.83  2.401572
6516.07  3.333684
6517.31  3.341782
6518.55  2.564081
6519.79  2.579132
6521.04  2.331888
6522.28  3.127833
6523.52  2.777467
6524.76  2.420613
6526.00  2.135829
6527.24  2.331618
6528.48  2.908022
6529.72  2.628082
6530.96  2.538723
6532.20  2.526772
6533.44  2.927267
6534.69  2.786734
6535.93  3.10907
6537.17  3.03358
6538.41  2.589738
6539.65  3.117404
6540.89  2.973068
6542.13  2.754393
6543.37  2.954552
6544.61  2.854717
6545.85  2.885897
6547.09  3.091113
6548.33  2.69084
6549.58  2.753145
6550.82  2.624869
6552.06  2.77489
6553.30  2.855262
6554.54  2.689009
6555.78  2.839309
6557.02  2.35493
6558.26  2.634037
6559.50  2.907666
6560.74  2.73539
6561.98  3.179028
6563.23  2.752156
6564.47  2.756217
6565.71  2.751103
6566.95  2.619045
6568.19  2.795297
6569.43  2.353925
6570.67  2.857756
6571.91  3.106116
6573.15  2.584488
6574.39  3.019271
6575.63  2.640895
6576.87  2.698154
6578.12  3.031145
6579.36  2.77773
6580.60  3.249629
6581.84  2.805449
6583.08  2.761627
6584.32  2.89349
6585.56  2.338485
6586.80  2.984315
6588.04  2.842772
6589.28  2.813443
6590.52  2.853199
6591.77  2.541035
6593.01  3.052883
6594.25  2.764943
6595.49  2.836937
6596.73  2.986406
6597.97  2.715956
6599.21  3.510832
6600.45  2.719777
6601.69  2.693357
6602.93  3.159594
6604.17  2.337752
6605.41  2.898907
6606.66  2.795911
6607.90  2.689162
6609.14  2.807582
6610.38  2.36974
6611.62  2.528292
6612.86  2.399348
6614.10  2.586247
6615.34  2.80408
6616.58  2.332024
6617.82  3.004924
6619.06  2.966599
6620.31  2.931595
6621.55  3.069208
6622.79  2.534822
6624.03  2.984014
6625.27  2.682516
6626.51  2.777803
6627.75  2.884349
6628.99  2.377388
6630.23  2.744475
6631.47  2.937055
6632.71  2.820178
6633.96  2.840259
6635.20  2.384383
6636.44  3.006423
6637.68  3.056748
6638.92  2.919712
6640.16  3.045233
6641.40  2.565056
6642.64  2.968694
6643.88  3.071456
6645.12  2.841886
6646.36  3.369138
6647.60  2.654808
6648.85  2.559309
6650.09  3.087698
6651.33  3.505033
6652.57  3.232914
6653.81  2.463764
6655.05  2.61832
6656.29  2.860865
6657.53  3.277967
6658.77  3.191365
6660.01  2.186636
6661.25  2.659176
6662.50  2.854967
6663.74  2.875669
6664.98  2.848706
6666.22  2.286775
6667.46  2.452986
6668.70  2.623627
6669.94  2.626531
6671.18  3.2852
6672.42  2.425255
6673.66  2.854841
6674.90  3.208472
6676.14  2.962574
6677.39  2.904951
6678.63  2.637105
6679.87  2.725034
6681.11  3.193523
6682.35  2.975511
6683.59  3.02107
6684.83  2.357914
6686.07  2.696512
6687.31  3.021881
6688.55  3.073378
6689.79  3.108559
6691.04  2.522346
6692.28  2.688664
6693.52  2.941046
6694.76  3.333409
6696.00  3.330342
6697.24  2.986399
6698.48  3.308617
6699.72  3.558401
6700.96  3.6187
6702.20  3.111897
6703.44  2.450403
6704.68  2.574497
6705.93  2.978397
6707.17  2.963359
6708.41  2.968445
6709.65  2.530077
6710.89  2.144502
6712.13  2.44874
6713.37  3.347281
6714.61  3.086828
6715.85  2.24533
6717.09  2.470701
6718.33  2.627274
6719.58  3.179357
6720.82  3.009485
6722.06  2.503854
6723.30  2.958148
6724.54  2.934039
6725.78  2.905786
6727.02  2.981976
6728.26  2.48167
6729.50  2.48169
6730.74  2.810889
6731.98  3.116205
6733.23  3.077661
6734.47  2.604422
6735.71  2.545293
6736.95  2.725239
6738.19  3.282264
6739.43  3.174504
6740.67  2.724417
6741.91  2.506678
6743.15  2.773946
6744.39  3.411551
6745.63  3.138522
6746.87  2.583097
6748.12  3.100736
6749.36  2.947203
6750.60  3.34266
6751.84  3.173902
6753.08  2.467539
6754.32  2.652984
6755.56  2.58685
6756.80  3.309104
6758.04  2.869007
6759.28  2.704054
6760.52  2.557898
6761.77  2.332667
6763.01  2.986775
6764.25  3.296389
6765.49  2.286555
6766.73  2.991075
6767.97  2.418114
6769.21  2.767411
6770.45  3.137326
6771.69  2.706763
6772.93  2.665336
6774.17  2.755054
6775.41  3.127865
6776.66  2.814794
6777.90  2.079273
6779.14  2.72425
6780.38  2.669192
6781.62  3.245144
6782.86  3.199297
6784.10  2.425443
6785.34  2.722916
6786.58  2.358035
6787.82  2.833248
6789.06  3.198153
6790.31  2.380409
6791.55  2.300106
6792.79  2.215841
6794.03  2.920011
6795.27  3.534008
6796.51  2.759807
6797.75  2.724168
6798.99  2.500868
6800.23  2.878633
6801.47  3.473714
6802.71  2.498989
6803.95  2.644599
6805.20  2.580926
6806.44  2.637254
6807.68  3.396344
6808.92  2.602586
6810.16  2.860136
6811.40  3.087132
6812.64  3.469547
6813.88  4.292874
6815.12  3.119722
6816.36  2.95167
6817.60  2.826876
6818.85  2.41753
6820.09  3.313062
6821.33  2.737427
6822.57  2.776011
6823.81  2.513767
6825.05  2.491982
6826.29  3.402547
6827.53  2.545944
6828.77  2.645111
6830.01  2.493311
6831.25  2.493504
6832.50  3.676606
6833.74  2.948878
6834.98  2.407371
6836.22  2.860827
6837.46  2.633491
6838.70  3.488786
6839.94  2.615294
6841.18  2.581721
6842.42  2.904071
6843.66  2.792698
6844.90  3.50427
6846.14  3.030552
6847.39  2.757619
6848.63  3.00744
6849.87  2.721237
6851.11  3.576442
6852.35  2.762146
6853.59  2.662359
6854.83  2.592856
6856.07  2.761837
6857.31  3.545561
6858.55  2.93822
6859.79  2.812898
6861.04  2.828618
6862.28  2.610029
6863.52  3.181546
6864.76  3.035697
6866.00  2.864739
6867.24  2.561553
6868.48  2.915849
6869.72  3.222219
6870.96  3.168043
6872.20  2.918213
6873.44  2.515629
6874.68  2.503291
6875.93  3.039212
6877.17  2.94014
6878.41  2.476616
6879.65  2.51889
6880.89  2.601488
6882.13  2.787695
6883.37  3.066219
6884.61  2.697878
6885.85  2.81805
6887.09  2.792509
6888.33  3.085192
6889.58  3.221697
6890.82  3.019966
6892.06  2.825787
6893.30  2.551522
6894.54  3.024981
6895.78  2.85464
6897.02  2.730912
6898.26  2.793659
6899.50  2.873537
6900.74  3.305082
6901.98  3.919682
6903.22  3.724683
6904.47  4.546944
6905.71  4.92986
6906.95  4.526757
6908.19  3.853701
6909.43  3.2092
6910.67  2.96692
6911.91  2.710416
6913.15  3.182597
6914.39  3.329115
6915.63  3.141948
6916.87  2.924475
6918.12  2.753755
6919.36  3.006586
6920.60  3.271171
6921.84  3.027194
6923.08  2.781668
6924.32  2.944661
6925.56  2.985334
6926.80  3.184525
6928.04  3.078146
6929.28  2.998989
6930.52  2.850513
6931.76  3.170409
6933.01  3.373272
6934.25  3.180741
6935.49  3.111537
6936.73  2.832293
6937.97  3.092927
6939.21  3.233376
6940.45  2.861015
6941.69  2.866242
6942.93  3.14309
6944.17  3.312818
6945.41  3.187021
6946.66  3.020566
6947.90  2.902152
6949.14  2.849691
6950.38  3.019697
6951.62  3.089232
6952.86  3.302351
6954.10  3.03828
6955.34  2.797394
6956.58  3.035155
6957.82  2.948424
6959.06  3.210196
6960.31  3.320742
6961.55  3.180109
6962.79  3.379495
6964.03  3.281097
6965.27  2.925602
6966.51  3.476501
6967.75  3.16153
6968.99  3.148553
6970.23  3.361432
6971.47  3.332987
6972.71  3.47274
6973.95  3.183451
6975.20  3.379412
6976.44  3.307042
6977.68  3.03686
6978.92  2.879818
6980.16  2.870637
6981.40  3.255695
6982.64  3.153705
6983.88  3.039992
6985.12  3.236401
6986.36  2.959552
6987.60  2.996378
6988.85  2.982269
6990.09  3.269193
6991.33  3.442299
6992.57  3.051199
6993.81  3.263603
6995.05  3.401125
6996.29  3.251643
6997.53  3.136714
6998.77  2.853065
7000.01  3.177727
7001.25  3.606211
7002.49  3.484008
7003.74  3.464775
7004.98  2.825071
7006.22  3.181706
7007.46  3.408967
7008.70  2.93155
7009.94  3.599119
7011.18  3.500146
7012.42  3.235763
7013.66  3.353245
7014.90  2.781108
7016.14  3.377288
7017.39  3.649775
7018.63  3.627133
7019.87  3.566678
7021.11  3.210375
7022.35  3.504369
7023.59  3.323446
7024.83  3.168959
7026.07  3.245939
7027.31  2.96993
7028.55  3.54489
7029.79  3.342944
7031.03  3.22013
7032.28  3.52633
7033.52  2.9126
7034.76  3.441383
7036.00  3.610742
7037.24  3.33841
7038.48  3.614522
7039.72  2.986665
7040.96  3.54599
7042.20  3.833727
7043.44  3.615167
7044.68  3.669831
7045.93  3.211853
7047.17  3.453053
7048.41  3.214167
7049.65  3.017379
7050.89  3.332473
7052.13  3.116626
7053.37  3.174536
7054.61  3.337468
7055.85  3.055854
7057.09  3.424473
7058.33  3.046585
7059.58  3.381718
7060.82  3.324354
7062.06  3.154346
7063.30  3.792242
7064.54  3.21668
7065.78  3.230077
7067.02  3.401397
7068.26  3.481757
7069.50  3.884829
7070.74  3.314547
7071.98  3.283831
7073.22  3.572887
7074.47  3.349809
7075.71  3.584574
7076.95  3.547097
7078.19  3.319478
7079.43  3.734974
7080.67  3.340958
7081.91  3.358474
7083.15  3.879688
7084.39  3.713427
7085.63  3.818463
7086.87  3.502472
7088.12  3.462799
7089.36  3.54191
7090.60  3.183968
7091.84  3.506261
7093.08  3.292376
7094.32  3.416512
7095.56  3.466689
7096.80  3.222002
7098.04  4.054303
7099.28  3.482914
7100.52  3.532094
7101.76  3.546091
7103.01  3.167531
7104.25  3.648462
7105.49  3.608099
7106.73  3.51156
7107.97  3.576638
7109.21  3.053512
7110.45  3.84211
7111.69  3.267415
7112.93  3.505536
7114.17  3.716268
7115.41  3.284107
7116.66  3.490788
7117.90  3.341772
7119.14  3.326458
7120.38  4.068363
7121.62  3.401429
7122.86  3.764765
7124.10  3.666737
7125.34  3.35815
7126.58  3.86461
7127.82  3.159145
7129.06  3.51884
7130.30  3.420128
7131.55  3.384075
7132.79  3.645852
7134.03  3.228643
7135.27  3.584204
7136.51  3.387915
7137.75  3.261703
7138.99  4.089598
7140.23  3.573303
7141.47  3.650836
7142.71  3.614463
7143.95  3.538742
7145.20  3.953355
7146.44  2.837989
7147.68  3.41206
7148.92  3.86753
7150.16  3.634915
7151.40  4.039534
7152.64  3.338457
7153.88  3.393526
7155.12  3.821477
7156.36  3.493895
7157.60  3.908724
7158.85  3.563385
7160.09  3.515259
7161.33  3.875983
7162.57  3.65891
7163.81  3.889443
7165.05  3.372764
7166.29  3.296602
7167.53  3.723394
7168.77  3.249689
7170.01  4.001692
7171.25  3.597699
7172.49  3.415598
7173.74  4.067446
7174.98  3.37908
7176.22  3.654439
7177.46  3.463751
7178.70  3.230398
7179.94  3.882068
7181.18  3.798113
7182.42  4.04361
7183.66  4.16458
7184.90  3.487224
7186.14  3.970108
7187.39  3.469866
7188.63  3.482261
7189.87  4.091923
7191.11  3.303255
7192.35  3.850434
7193.59  3.785371
7194.83  3.573632
7196.07  4.038515
7197.31  3.412864
7198.55  3.642732
7199.79  3.616795
7201.03  3.588249
7202.28  3.903084
7203.52  3.320425
7204.76  4.327333
7206.00  3.957051
7207.24  3.529675
7208.48  3.508842
7209.72  3.420141
7210.96  4.009108
7212.20  3.649385
7213.44  3.739168
7214.68  4.379215
7215.93  3.469841
7217.17  3.519566
7218.41  4.046827
7219.65  4.012702
7220.89  4.179493
7222.13  4.481674
7223.37  6.745262
7224.61  7.863769
7225.85  7.141178
7227.09  6.124218
7228.33  4.341766
7229.57  3.875776
7230.82  4.414378
7232.06  4.032077
7233.30  4.206021
7234.54  3.437459
7235.78  3.537383
7237.02  4.13395
7238.26  4.08566
7239.50  3.991838
7240.74  3.483214
7241.98  3.558176
7243.22  3.782059
7244.47  4.002983
7245.71  4.311933
7246.95  3.547443
7248.19  3.302577
7249.43  4.19562
7250.67  3.495081
7251.91  4.041697
7253.15  3.684241
7254.39  3.269054
7255.63  3.590907
7256.87  3.483588
7258.12  3.946284
7259.36  3.582975
7260.60  3.35914
7261.84  4.113889
7263.08  3.530841
7264.32  4.092911
7265.56  4.039735
7266.80  3.313393
7268.04  3.807537
7269.28  3.756147
7270.52  3.758934
7271.76  3.87453
7273.01  3.256729
7274.25  3.949237
7275.49  3.705996
7276.73  3.664893
7277.97  4.20301
7279.21  3.83155
7280.45  4.358396
7281.69  4.10765
7282.93  3.62574
7284.17  4.601931
7285.41  5.266348
7286.66  6.407362
7287.90  6.901841
7289.14  6.245009
7290.38  5.25154
7291.62  3.648816
7292.86  4.204348
7294.10  4.380998
7295.34  4.13187
7296.58  4.375717
7297.82  3.622338
7299.06  3.837072
7300.30  4.174316
7301.55  3.934923
7302.79  3.998756
7304.03  3.355775
7305.27  3.998351
7306.51  4.132994
7307.75  3.753767
7308.99  4.307353
7310.23  3.852097
7311.47  3.811207
7312.71  3.855465
7313.95  3.70863
7315.20  4.103132
7316.44  3.795875
7317.68  3.468661
7318.92  4.149431
7320.16  4.027798
7321.40  4.08568
7322.64  3.72299
7323.88  3.542355
7325.12  4.167646
7326.36  4.067353
7327.60  3.98613
7328.84  3.741369
7330.09  3.506968
7331.33  4.138996
7332.57  4.003636
7333.81  4.18574
7335.05  3.675551
7336.29  3.239119
7337.53  3.905828
7338.77  3.902697
7340.01  4.138359
7341.25  3.757362
7342.49  3.429929
7343.74  3.954936
7344.98  3.736886
7346.22  4.477431
7347.46  3.961608
7348.70  3.527397
7349.94  4.217564
7351.18  3.91074
7352.42  4.029383
7353.66  4.320126
7354.90  3.49678
7356.14  3.94804
7357.39  4.20591
7358.63  4.261798
7359.87  4.414272
7361.11  3.714422
7362.35  3.884074
7363.59  4.416404
7364.83  4.45015
7366.07  4.372623
7367.31  3.70115
7368.55  4.022796
7369.79  4.542909
7371.03  4.563955
7372.28  4.588115
7373.52  3.839999
7374.76  4.417583
7376.00  4.511497
7377.24  4.170458
7378.48  4.418047
7379.72  3.821284
7380.96  4.041352
7382.20  4.207457
7383.44  3.64151
7384.68  4.20058
7385.93  3.646966
7387.17  4.040806
7388.41  4.152553
7389.65  3.867249
7390.89  4.260697
7392.13  3.969771
7393.37  4.071703
7394.61  4.607963
7395.85  4.193743
7397.09  4.482028
7398.33  3.998543
7399.57  4.153332
7400.82  4.018756
7402.06  4.134899
7403.30  4.551005
7404.54  4.154039
7405.78  3.98592
7407.02  4.402386
7408.26  4.150989
7409.50  4.348876
7410.74  4.491529
7411.98  3.986735
7413.22  4.551743
7414.47  4.254561
7415.71  4.132104
7416.95  4.240764
7418.19  4.06435
7419.43  4.408812
7420.67  4.415936
7421.91  4.653995
7423.15  4.957654
7424.39  5.163946
7425.63  6.442476
7426.87  6.490186
7428.11  5.787437
7429.36  4.930778
7430.60  4.163428
7431.84  4.863562
7433.08  4.909378
7434.32  5.100616
7435.56  4.917931
7436.80  4.258969
7438.04  4.665501
7439.28  4.72612
7440.52  4.739744
7441.76  4.844355
7443.01  4.360307
7444.25  4.653869
7445.49  4.815353
7446.73  4.666984
7447.97  4.77099
7449.21  4.260712
7450.45  4.562283
7451.69  4.766748
7452.93  4.819921
7454.17  5.218864
7455.41  4.622492
7456.66  5.136621
7457.90  5.389555
7459.14  5.256899
7460.38  5.27211
7461.62  4.706985
7462.86  5.137466
7464.10  5.612206
7465.34  5.234502
7466.58  5.684456
7467.82  5.03536
7469.06  5.028789
7470.30  5.409559
7471.55  5.312354
7472.79  5.287974
7474.03  5.263038
7475.27  5.118231
7476.51  5.350623
7477.75  5.570599
7478.99  5.792123
7480.23  5.384685
7481.47  5.263619
7482.71  5.825969
7483.95  6.452146
7485.20  7.716392
7486.44  9.383838
7487.68  10.31339
7488.92  10.08953
7490.16  8.283075
7491.40  7.17544
7492.64  7.154644
7493.88  7.257888
7495.12  8.152852
7496.36  7.43994
7497.60  6.945796
7498.84  6.465685
7500.09  5.943228
7501.33  6.706303
7502.57  6.320056
7503.81  6.441175
7505.05  6.741057
7506.29  5.788962
7507.53  6.403519
7508.77  6.638391
7510.01  6.980349
7511.25  7.206425
7512.49  6.330509
7513.74  6.804834
7514.98  7.32737
7516.22  7.013393
7517.46  6.976338
7518.70  7.091962
7519.94  7.616766
7521.18  7.406984
7522.42  7.432511
7523.66  7.613755
7524.90  7.178969
7526.14  7.737838
7527.38  7.955128
7528.63  7.980038
7529.87  8.684504
7531.11  8.418152
7532.35  8.673162
7533.59  8.771569
7534.83  8.594723
7536.07  9.11642
7537.31  8.838512
7538.55  8.851963
7539.79  9.773025
7541.03  9.650918
7542.28  9.810095
7543.52  9.579363
7544.76  9.299616
7546.00  10.00835
7547.24  10.1975
7548.48  10.97569
7549.72  10.79529
7550.96  10.67499
7552.20  11.45287
7553.44  11.38034
7554.68  11.62942
7555.93  11.71424
7557.17  11.6369
7558.41  12.59266
7559.65  12.87814
7560.89  13.21204
7562.13  13.143
7563.37  13.05898
7564.61  14.28231
7565.85  14.45998
7567.09  14.78816
7568.33  15.06447
7569.57  14.75387
7570.82  15.59108
7572.06  16.01767
7573.30  17.18337
7574.54  19.06326
7575.78  20.94437
7577.02  22.83021
7578.26  24.8019
7579.50  29.15068
7580.74  37.96387
7581.98  51.47869
7583.22  81.24408
7584.47  173.8968
7585.71  369.3339
7586.95  695.6521
7588.19  834.1869
7589.43  727.8771
7590.67  437.8136
7591.91  253.1025
7593.15  168.4849
7594.39  143.2264
7595.63  171.3689
7596.87  243.9191
7598.11  492.429
7599.36  1119.253
7600.60  2421.619
7601.84  3477.088
7603.08  3433.213
7604.32  2282.573
7605.56  1193.944
7606.80  630.8375
7608.04  340.2901
7609.28  214.0779
7610.52  164.7408
7611.76  122.9432
7613.01  87.98261
7614.25  65.12716
7615.49  49.01346
7616.73  34.9381
7617.97  26.85734
7619.21  23.01738
7620.45  21.00962
7621.69  19.97778
7622.93  19.05033
7624.17  18.68407
7625.41  17.40914
7626.65  16.94875
7627.90  17.23731
7629.14  16.16059
7630.38  16.11101
7631.62  16.21755
7632.86  15.64072
7634.10  15.79293
7635.34  14.7722
7636.58  14.56774
7637.82  14.69036
7639.06  13.77189
7640.30  14.16081
7641.55  13.44622
7642.79  13.10044
7644.03  13.1042
7645.27  12.4843
7646.51  13.13119
7647.75  12.77835
7648.99  12.0104
7650.23  12.33315
7651.47  11.63657
7652.71  15.66384
7653.95  14.87899
7655.19  13.82321
7656.44  13.74587
7657.68  13.40647
7658.92  13.6756
7660.16  13.94351
7661.40  13.17408
7662.64  12.91317
7663.88  12.85814
7665.12  12.83804
7666.36  13.44529
7667.60  12.98192
7668.84  12.68854
7670.09  12.5486
7671.33  12.91227
7672.57  13.60484
7673.81  13.72557
7675.05  15.11601
7676.29  17.21562
7677.53  21.11864
7678.77  27.14834
7680.01  36.2273
7681.25  52.1414
7682.49  88.81539
7683.74  160.7477
7684.98  237.3358
7686.22  250.2991
7687.46  196.2321
7688.70  131.4114
7689.94  102.8548
7691.18  110.111
7692.42  175.0624
7693.66  283.9071
7694.90  352.049
7696.14  301.8088
7697.38  189.1178
7698.63  102.9819
7699.87  59.14837
7701.11  33.57256
7702.35  24.54642
7703.59  21.21714
7704.83  18.10688
7706.07  14.77172
7707.31  12.5616
7708.55  11.47764
7709.79  10.39059
7711.03  9.540077
7712.28  8.897591
7713.52  8.719056
7714.76  8.767252
7716.00  8.734035
7717.24  8.472301
7718.48  7.941779
7719.72  7.995445
7720.96  8.22258
7722.20  8.284915
7723.44  8.012321
7724.68  7.775562
7725.92  7.839346
7727.17  7.675692
7728.41  7.879858
7729.65  7.800088
7730.89  7.117504
7732.13  7.095646
7733.37  7.179321
7734.61  7.476312
7735.85  7.423168
7737.09  7.07403
7738.33  6.67403
7739.57  7.191771
7740.82  8.040729
7742.06  8.030176
7743.30  8.841585
7744.54  10.55481
7745.78  11.27929
7747.02  13.00723
7748.26  12.79859
7749.50  10.50022
7750.74  8.328068
7751.98  7.7336
7753.22  7.178662
7754.46  6.967221
7755.71  6.95093
7756.95  6.695644
7758.19  6.767025
7759.43  7.039715
7760.67  6.655855
7761.91  6.957117
7763.15  7.022739
7764.39  6.50501
7765.63  7.083075
7766.87  6.582098
7768.11  6.578108
7769.36  6.936685
7770.60  7.027781
7771.84  7.05644
7773.08  6.880332
7774.32  7.259019
7775.56  7.492746
7776.80  7.466832
7778.04  7.485605
7779.28  6.83903
7780.52  6.512187
7781.76  6.747129
7783.01  6.342856
7784.25  6.694466
7785.49  6.272896
7786.73  6.472555
7787.97  6.903032
7789.21  6.239105
7790.45  6.520031
7791.69  6.661655
7792.93  6.21492
7794.17  6.414478
7795.41  6.298457
7796.65  6.401915
7797.90  6.36082
7799.14  6.477777
7800.38  6.954194
7801.62  6.540511
7802.86  7.203431
7804.10  7.036846
7805.34  6.804336
7806.58  8.056244
7807.82  7.351005
7809.06  7.185057
7810.30  7.167217
7811.55  6.666897
7812.79  7.309183
7814.03  7.121234
7815.27  6.890051
7816.51  6.686128
7817.75  6.220166
7818.99  6.761566
7820.23  6.478888
7821.47  6.64129
7822.71  7.055892
7823.95  6.686032
7825.19  7.421889
7826.44  7.152396
7827.68  7.225869
7828.92  7.355381
7830.16  6.833998
7831.40  7.295275
7832.64  7.204865
7833.88  7.519009
7835.12  7.349508
7836.36  6.980864
7837.60  7.552445
7838.84  7.745063
7840.09  8.088382
7841.33  9.056893
7842.57  9.795241
7843.81  11.57339
7845.05  14.23247
7846.29  19.39697
7847.53  28.44968
7848.77  42.06766
7850.01  64.77586
7851.25  99.28616
7852.49  176.0949
7853.73  323.8251
7854.98  426.6428
7856.22  381.2794
7857.46  236.1993
7858.70  119.8014
7859.94  61.40033
7861.18  28.92018
7862.42  15.53265
7863.66  11.33199
7864.90  10.04862
7866.14  8.930593
7867.38  7.617579
7868.63  7.93294
7869.87  8.085864
7871.11  7.392141
7872.35  7.575503
7873.59  7.335791
7874.83  7.237189
7876.07  7.436985
7877.31  7.367345
7878.55  7.347738
7879.79  6.948953
7881.03  7.199574
7882.28  7.793441
7883.52  7.708258
7884.76  7.676211
7886.00  7.130057
7887.24  6.957636
7888.48  7.006274
7889.72  7.047447
7890.96  7.039406
7892.20  6.737711
7893.44  6.844644
7894.68  6.805004
7895.92  7.01737
7897.17  7.006747
7898.41  6.292474
7899.65  6.634987
7900.89  6.834323
7902.13  7.155436
7903.37  7.158622
7904.61  7.256944
7905.85  7.387385
7907.09  7.595092
7908.33  8.869903
7909.57  9.502876
7910.82  10.68345
7912.06  14.94553
7913.30  18.49627
7914.54  18.68675
7915.78  14.53523
7917.02  10.17213
7918.26  8.642605
7919.50  7.98616
7920.74  8.051679
7921.98  8.121191
7923.22  7.691656
7924.46  8.218349
7925.71  8.973213
7926.95  11.82585
7928.19  14.4573
7929.43  14.28065
7930.67  12.34808
7931.91  9.517431
7933.15  8.108274
7934.39  7.89377
7935.63  6.641746
7936.87  6.189397
7938.11  6.051558
7939.36  6.666881
7940.60  6.813521
7941.84  6.364252
7943.08  6.73028
7944.32  6.655598
7945.56  7.204677
7946.80  7.531153
7948.04  6.932786
7949.28  6.773119
7950.52  6.531087
7951.76  6.716951
7953.00  7.396852
7954.25  6.518863
7955.49  6.284532
7956.73  6.318131
7957.97  6.755402
7959.21  7.662799
7960.45  6.765361
7961.69  6.818198
7962.93  6.695459
7964.17  7.033301
7965.41  7.540451
7966.65  7.118768
7967.90  6.992428
7969.14  6.768433
7970.38  7.092517
7971.62  7.918816
7972.86  6.923954
7974.10  6.961461
7975.34  7.056798
7976.58  7.49724
7977.82  8.472771
7979.06  7.80288
7980.30  8.474329
7981.55  9.536574
7982.79  9.370518
7984.03  9.867918
7985.27  8.719304
7986.51  8.093027
7987.75  8.119045
7988.99  7.816692
7990.23  8.550193
7991.47  8.244046
7992.71  7.916201
7993.95  8.04358
7995.19  7.844618
7996.44  9.074115
7997.68  8.540064
7998.92  8.504981
8000.16  8.844681
8001.40  8.818584
8002.64  9.573843
8003.88  9.322071
8005.12  8.518172
8006.36  8.752891
8007.60  8.548282
8008.84  9.716139
8010.09  9.694529
8011.33  9.257881
8012.57  9.740545
8013.81  9.386018
8015.05  10.02062
8016.29  10.29101
8017.53  10.04737
8018.77  10.14718
8020.01  10.04539
8021.25  10.62876
8022.49  10.87327
8023.73  10.5208
8024.98  10.74004
8026.22  10.91817
8027.46  11.76923
8028.70  12.20224
8029.94  11.41002
8031.18  11.66224
8032.42  11.68946
8033.66  12.488
8034.90  13.14624
8036.14  12.4519
8037.38  12.96381
8038.63  13.00187
8039.87  13.68908
8041.11  14.31901
8042.35  13.47916
8043.59  13.74449
8044.83  14.38861
8046.07  15.29866
8047.31  17.07815
8048.55  17.70181
8049.79  19.56496
8051.03  22.36296
8052.27  29.072
8053.52  40.40326
8054.76  55.0413
8056.00  82.26113
8057.24  148.8236
8058.48  267.9623
8059.72  321.5645
8060.96  272.1544
8062.20  164.5932
8063.44  96.10429
8064.68  57.56577
8065.92  39.68039
8067.17  30.19193
8068.41  24.66345
8069.65  22.26056
8070.89  21.54587
8072.13  21.71411
8073.37  20.93333
8074.61  21.30615
8075.85  21.77109
8077.09  22.00622
8078.33  23.0312
8079.57  23.08089
8080.82  23.52176
8082.06  23.2452
8083.30  24.03129
8084.54  25.0708
8085.78  26.13841
8087.02  26.31634
8088.26  26.9087
8089.50  28.3158
8090.74  29.75204
8091.98  32.74059
8093.22  36.52951
8094.46  41.60232
8095.71  50.17285
8096.95  67.52946
8098.19  97.88387
8099.43  148.2045
8100.67  229.652
8101.91  425.2298
8103.15  784.9678
8104.39  1020.33
8105.63  976.3861
8106.87  789.8994
8108.11  766.6733
8109.36  959.2351
8110.60  1792.132
8111.84  3227.706
8113.08  3980.392
8114.32  3274.909
8115.56  1938.859
8116.80  1032.938
8118.04  537.7117
8119.28  294.2843
8120.52  186.8844
8121.76  117.2317
8123.00  76.15942
8124.25  55.52652
8125.49  44.62497
8126.73  38.18281
8127.97  34.74511
8129.21  32.73103
8130.45  30.85169
8131.69  29.70379
8132.93  29.61876
8134.17  29.02977
8135.41  28.48396
8136.65  27.79469
8137.90  26.42506
8139.14  26.03747
8140.38  25.74708
8141.62  25.18304
8142.86  24.64894
8144.10  24.29197
8145.34  24.06085
8146.58  23.94736
8147.82  23.68251
8149.06  23.27638
8150.30  23.1841
8151.54  22.25772
8152.79  22.73164
8154.03  22.18527
8155.27  21.86731
8156.51  21.78358
8157.75  21.17892
8158.99  21.309
8160.23  21.20868
8161.47  20.89397
8162.71  20.52295
8163.95  20.64661
8165.19  20.54551
8166.44  20.7131
8167.68  20.36883
8168.92  20.36341
8170.16  20.21909
8171.40  20.40429
8172.64  20.6369
8173.88  20.73505
8175.12  21.24712
8176.36  21.88885
8177.60  24.77924
8178.84  27.8545
8180.09  31.0559
8181.33  37.81153
8182.57  54.64252
8183.81  85.08374
8185.05  131.8272
8186.29  209.4031
8187.53  405.9621
8188.77  792.739
8190.01  1016.827
8191.25  892.5624
8192.49  554.815
8193.73  307.1767
8194.98  168.5619
8196.22  97.43182
8197.46  66.63785
8198.70  47.26296
8199.94  33.95226
8201.18  26.29874
8202.42  23.22522
8203.66  21.20594
8204.90  19.69134
8206.14  18.88211
8207.38  18.84847
8208.63  18.59421
8209.87  18.64122
8211.11  18.49297
8212.35  18.35586
8213.59  17.93976
8214.83  17.70275
8216.07  17.68128
8217.31  17.22137
8218.55  17.71489
8219.79  17.81779
8221.03  17.42015
8222.27  17.13967
8223.52  16.79508
8224.76  17.0528
8226.00  16.7544
8227.24  16.72052
8228.48  17.32629
8229.72  16.98119
8230.96  17.48304
8232.20  17.6322
8233.44  17.05185
8234.68  17.23156
8235.92  17.46618
8237.17  17.5437
8238.41  17.83451
8239.65  17.87171
8240.89  18.10956
8242.13  18.16573
8243.37  18.3024
8244.61  18.97033
8245.85  18.88269
8247.09  19.23154
8248.33  19.31214
8249.57  20.29926
8250.81  24.2861
8252.06  27.05362
8253.30  30.14929
8254.54  36.26348
8255.78  49.70375
8257.02  78.42847
8258.26  122.4819
8259.50  196.5667
8260.74  388.9989
8261.98  762.1376
8263.22  954.8815
8264.46  831.9468
8265.71  501.7686
8266.95  287.2291
8268.19  158.1224
8269.43  95.96252
8270.67  71.63271
8271.91  57.00381
8273.15  47.63607
8274.39  45.21107
8275.63  51.92535
8276.87  65.65084
8278.11  100.5729
8279.35  198.3768
8280.60  277.2597
8281.84  276.3933
8283.08  190.5284
8284.32  117.6715
8285.56  80.12376
8286.80  60.19765
8288.04  56.24338
8289.28  60.72654
8290.52  79.02629
8291.76  123.7852
8293.00  200.8952
8294.25  320.3508
8295.49  668.9563
8296.73  1315.519
8297.97  1752.62
8299.21  1537.847
8300.45  970.4625
8301.69  538.1341
8302.93  295.7128
8304.17  163.1864
8305.41  111.8489
8306.65  79.09627
8307.90  53.75612
8309.14  37.92299
8310.38  29.97108
8311.62  24.61546
8312.86  21.2623
8314.10  20.36496
8315.34  19.46799
8316.58  19.07134
8317.82  18.53372
8319.06  17.77621
8320.30  18.23439
8321.54  17.43017
8322.79  16.70407
8324.03  16.15852
8325.27  15.28279
8326.51  15.61547
8327.75  14.95353
8328.99  14.88807
8330.23  14.93973
8331.47  13.62456
8332.71  14.10722
8333.95  13.71713
8335.19  13.51739
8336.44  13.75861
8337.68  12.83896
8338.92  12.9845
8340.16  13.06637
8341.40  12.5864
8342.64  12.46475
8343.88  11.66337
8345.12  11.5061
8346.36  11.86223
8347.60  11.50309
8348.84  11.49445
8350.08  10.99194
8351.33  11.25481
8352.57  11.17294
8353.81  10.82715
8355.05  10.39879
8356.29  9.637987
8357.53  10.20701
8358.77  10.19517
8360.01  9.838993
8361.25  10.03814
8362.49  9.567262
8363.73  9.676769
8364.98  10.04672
8366.22  9.432909
8367.46  9.501505
8368.70  9.050704
8369.94  8.7522
8371.18  8.861734
8372.42  8.602852
8373.66  8.975517
8374.90  8.88806
8376.14  8.276155
8377.38  8.818872
8378.62  8.584356
8379.87  8.418042
8381.11  8.147309
8382.35  7.676267
8383.59  8.668848
8384.83  8.232738
8386.07  8.165024
8387.31  7.773331
8388.55  6.875813
8389.79  7.708343
8391.03  7.538059
8392.27  7.688957
8393.52  7.69315
8394.76  7.396779
8396.00  7.885212
8397.24  7.953377
8398.48  7.266675
8399.72  7.808481
8400.96  6.849259
8402.20  7.316422
8403.44  7.515913
8404.68  6.938966
8405.92  7.275364
8407.17  6.920365
8408.41  7.310198
8409.65  7.329477
8410.89  7.845057
8412.13  8.515464
8413.37  7.667922
8414.61  7.662199
8415.85  7.375948
8417.09  6.835622
8418.33  7.191787
8419.57  6.367674
8420.81  6.805934
8422.06  6.771264
8423.30  6.352887
8424.54  7.114975
8425.78  6.902927
8427.02  6.506638
8428.26  6.488725
8429.50  6.343049
8430.74  6.75096
8431.98  6.488326
8433.22  6.43435
8434.46  6.973021
8435.71  6.524222
8436.95  6.997684
8438.19  6.797719
8439.43  6.395001
8440.67  6.815198
8441.91  6.352559
8443.15  6.888894
8444.39  6.469686
8445.63  5.998426
8446.87  6.653059
8448.11  6.363535
8449.35  6.52866
8450.60  6.420299
8451.84  5.453118
8453.08  6.207588
8454.32  6.898308
8455.56  7.051029
8456.80  6.68292
8458.04  5.799952
8459.28  6.393947
8460.52  6.418591
8461.76  6.451091
8463.00  7.057722
8464.25  6.27316
8465.49  7.069275
8466.73  6.758192
8467.97  6.651348
8469.21  6.751403
8470.45  6.493473
8471.69  6.749235
8472.93  6.657962
8474.17  7.068605
8475.41  7.180079
8476.65  6.206591
8477.89  6.607146
8479.14  7.091563
8480.38  6.953065
8481.62  7.344707
8482.86  7.225164
8484.10  7.223304
8485.34  7.287887
8486.58  6.732543
8487.82  7.245141
8489.06  7.203037
8490.30  7.493578
8491.54  7.534041
8492.79  7.356923
8494.03  7.665018
8495.27  7.769199
8496.51  8.747984
8497.75  10.21192
8498.99  10.5358
8500.23  12.09131
8501.47  15.08191
8502.71  21.66682
8503.95  36.90187
8505.19  59.58935
8506.44  134.2134
8507.68  256.075
8508.92  309.6022
8510.16  259.4339
8511.40  152.8247
8512.64  91.39964
8513.88  52.11462
8515.12  31.41028
8516.36  23.73635
8517.60  18.57115
8518.84  13.86042
8520.08  11.3498
8521.33  9.071993
8522.57  8.372964
8523.81  7.608511
8525.05  7.225734
8526.29  7.519539
8527.53  6.580193
8528.77  7.105755
8530.01  7.212985
8531.25  7.001661
8532.49  7.261751
8533.73  6.266037
8534.98  6.670646
8536.22  7.37892
8537.46  7.324319
8538.70  7.253742
8539.94  6.564144
8541.18  6.759747
8542.42  6.93109
8543.66  6.531647
8544.90  7.091067
8546.14  7.019039
8547.38  7.108851
8548.62  7.760335
8549.87  7.325373
8551.11  7.187951
8552.35  6.579343
8553.59  6.372192
8554.83  6.369955
8556.07  5.705065
8557.31  6.568607
8558.55  6.207491
8559.79  5.8369
8561.03  6.388182
8562.27  6.185201
8563.52  6.552599
8564.76  6.423619
8566.00  6.081696
8567.24  6.290574
8568.48  5.901144
8569.72  6.150576
8570.96  6.444317
8572.20  5.383492
8573.44  6.361618
8574.68  5.812254
8575.92  5.645222
8577.16  5.757507
8578.41  4.790955
8579.65  5.917389
8580.89  5.418963
8582.13  5.482532
8583.37  5.928025
8584.61  5.025829
8585.85  5.699719
8587.09  5.850924
8588.33  5.542193
8589.57  6.128662
8590.81  5.241413
8592.06  5.352203
8593.30  5.479928
8594.54  5.343889
8595.78  6.027035
8597.02  5.205398
8598.26  5.378942
8599.50  5.40186
8600.74  5.626864
8601.98  5.884304
8603.22  5.54
8604.46  5.654559
8605.71  6.206441
8606.95  5.739273
8608.19  5.97802
8609.43  5.624336
8610.67  5.161429
8611.91  5.582952
8613.15  5.545719
8614.39  5.726291
8615.63  5.18991
8616.87  5.16189
8618.11  5.857572
8619.35  5.297013
8620.60  5.981526
8621.84  5.530836
8623.08  5.146617
8624.32  6.069805
8625.56  5.769776
8626.80  5.911299
8628.04  5.920288
8629.28  5.244545
8630.52  5.884037
8631.76  5.553437
8633.00  5.940449
8634.25  6.010733
8635.49  5.5611
8636.73  7.097444
8637.97  6.998314
8639.21  7.489193
8640.45  7.509393
8641.69  6.398803
8642.93  6.649783
8644.17  6.317053
8645.41  5.937631
8646.65  6.383696
8647.89  5.362651
8649.14  6.084905
8650.38  6.042616
8651.62  5.746069
8652.86  6.657272
8654.10  6.017123
8655.34  6.004319
8656.58  6.013278
8657.82  6.316445
8659.06  6.372172
8660.30  5.620828
8661.54  6.061291
8662.79  5.980894
8664.03  6.058666
8665.27  6.870549
8666.51  6.166761
8667.75  6.218217
8668.99  6.672143
8670.23  6.306079
8671.47  6.8829
8672.71  6.408865
8673.95  6.006833
8675.19  6.637813
8676.43  6.605098
8677.68  6.99021
8678.92  6.818361
8680.16  6.594059
8681.40  7.054904
8682.64  6.688621
8683.88  6.91499
8685.12  6.633737
8686.36  6.412219
8687.60  7.127871
8688.84  7.034369
8690.08  7.266216
8691.33  7.405517
8692.57  6.729383
8693.81  7.55651
8695.05  7.41543
8696.29  7.85839
8697.53  8.290415
8698.77  7.669739
8700.01  8.233935
8701.25  8.490393
8702.49  8.356813
8703.73  8.59816
8704.98  8.138059
8706.22  8.43071
8707.46  8.516241
8708.70  8.595188
8709.94  8.888187
8711.18  8.253077
8712.42  9.299882
8713.66  9.085933
8714.90  9.043131
8716.14  9.791091
8717.38  9.344291
8718.62  9.407347
8719.87  9.858396
8721.11  9.832308
8722.35  10.46792
8723.59  10.34316
8724.83  10.6555
8726.07  11.11226
8727.31  10.87797
8728.55  10.91128
8729.79  10.53624
8731.03  11.35349
8732.27  11.89226
8733.52  11.44155
8734.76  12.22604
8736.00  12.21051
8737.24  12.14003
8738.48  12.67857
8739.72  12.49541
8740.96  13.06118
8742.20  12.95111
8743.44  13.03472
8744.68  13.99536
8745.92  14.01652
8747.16  14.55083
8748.41  14.7882
8749.65  14.84988
8750.89  16.17704
8752.13  16.15232
8753.37  16.63849
8754.61  16.6838
8755.85  16.67681
8757.09  17.73641
8758.33  18.0915
8759.57  18.33855
8760.81  19.33697
8762.06  20.57782
8763.30  24.27726
8764.54  28.03608
8765.78  30.54405
8767.02  34.74121
8768.26  41.43574
8769.50  57.33077
8770.74  88.75803
8771.98  154.532
8773.22  287.1638
8774.46  695.8077
8775.70  1208.787
8776.95  1421.905
8778.19  1144.776
8779.43  722.1075
8780.67  437.2117
8781.91  251.332
8783.15  152.7057
8784.39  106.7687
8785.63  79.65435
8786.87  57.56706
8788.11  43.76656
8789.35  34.96367
8790.60  27.81075
8791.84  23.63432
8793.08  21.40482
8794.32  19.56873
8795.56  18.69329
8796.80  18.20212
8798.04  18.24709
8799.28  17.86601
8800.52  16.93308
8801.76  17.20902
8803.00  16.39373
8804.25  15.94813
8805.49  15.89508
8806.73  15.48599
8807.97  15.37174
8809.21  15.09679
8810.45  14.67124
8811.69  14.51358
8812.93  14.13076
8814.17  14.29019
8815.41  13.89669
8816.65  13.75259
8817.89  13.98076
8819.14  12.85751
8820.38  13.39191
8821.62  12.91448
8822.86  12.369
8824.10  12.73604
8825.34  12.31549
8826.58  12.56559
8827.82  12.22869
8829.06  12.09367
8830.30  12.10953
8831.54  11.29639
8832.79  11.67134
8834.03  11.73736
8835.27  11.37917
8836.51  11.3485
8837.75  10.93203
8838.99  11.07389
8840.23  11.38199
8841.47  11.27549
8842.71  11.42143
8843.95  10.87294
8845.19  10.7295
8846.43  10.48689
8847.68  10.16803
8848.92  10.03968
8850.16  10.40127
8851.40  10.40182
8852.64  10.39813
8853.88  9.339575
8855.12  10.67403
8856.36  12.36333
8857.60  10.2279
8858.84  10.16913
8860.08  10.05362
8861.33  11.0553
8862.57  10.47665
8863.81  10.25637
8865.05  10.36888
8866.29  10.02993
8867.53  10.33762
8868.77  10.50292
8870.01  10.00699
8871.25  10.29726
8872.49  10.58769
8873.73  10.79583
8874.97  10.80655
8876.22  10.80264
8877.46  11.05033
8878.70  10.95878
8879.94  10.85639
8881.18  11.0304
8882.42  10.9973
8883.66  11.40491
8884.90  11.42812
8886.14  11.39374
8887.38  11.93742
8888.62  11.85826
8889.87  11.79017
8891.11  11.90772
8892.35  11.81929
8893.59  12.12112
8894.83  12.66984
8896.07  12.76628
8897.31  12.7549
8898.55  13.19413
8899.79  13.38513
8901.03  13.62427
8902.27  13.53017
8903.52  13.68081
8904.76  13.88972
8906.00  14.34621
8907.24  15.335
8908.48  15.26341
8909.72  15.3855
8910.96  15.67544
8912.20  15.52373
8913.44  15.94622
8914.68  17.07222
8915.92  19.777
8917.16  21.48536
8918.41  24.09163
8919.65  27.5979
8920.89  35.26852
8922.13  48.99053
8923.37  77.49363
8924.61  135.8786
8925.85  307.3037
8927.09  637.0314
8928.33  881.274
8929.57  835.6193
8930.81  599.2327
8932.06  386.4741
8933.30  230.7915
8934.54  139.6616
8935.78  92.96949
8937.02  68.33376
8938.26  51.9033
8939.50  39.60822
8940.74  31.23723
8941.98  24.63337
8943.22  19.91173
8944.46  17.26373
8945.70  16.54427
8946.95  15.06581
8948.19  14.2638
8949.43  14.1277
8950.67  13.00531
8951.91  13.67077
8953.15  13.51055
8954.39  12.76289
8955.63  12.84486
8956.87  12.151
8958.11  12.13581
8959.35  12.34535
8960.60  11.5465
8961.84  11.28105
8963.08  10.97465
8964.32  11.55093
8965.56  11.47671
8966.80  10.51589
8968.04  10.39849
8969.28  10.12825
8970.52  10.90741
8971.76  10.94019
8973.00  10.13504
8974.24  9.782305
8975.49  9.598596
8976.73  10.56069
8977.97  10.84394
8979.21  9.789596
8980.45  9.070347
8981.69  8.544526
8982.93  8.562257
8984.17  8.686402
8985.41  8.106542
8986.65  8.079395
8987.89  7.540714
8989.14  7.613067
8990.38  8.151488
8991.62  7.537632
8992.86  7.492275
8994.10  7.915727
8995.34  7.780844
8996.58  9.154224
8997.82  8.201006
8999.06  8.030678
9000.30  8.247536
9001.54  7.561107
9002.78  7.95887
9004.03  7.453355
9005.27  7.324655
9006.51  6.823007
9007.75  6.389934
9008.99  7.54144
9010.23  7.35413
9011.47  6.672938
9012.71  6.619806
9013.95  5.988883
9015.19  6.754841
9016.43  6.557819
9017.68  6.354303
9018.92  7.108664
9020.16  6.365953
9021.40  6.461808
9022.64  6.29812
9023.88  5.689378
9025.12  6.087051
9026.36  5.492475
9027.60  6.281554
9028.84  7.108595
9030.08  6.028611
9031.33  5.993189
9032.57  5.926046
9033.81  6.112474
9035.05  6.739748
9036.29  6.11375
9037.53  5.77735
9038.77  5.240471
9040.01  5.357628
9041.25  6.167424
9042.49  5.158788
9043.73  5.029637
9044.97  5.587614
9046.22  5.463589
9047.46  5.868489
9048.70  5.487929
9049.94  5.222274
9051.18  5.53166
9052.42  4.86259
9053.66  5.919189
9054.90  5.397988
9056.14  4.974806
9057.38  5.545382
9058.62  5.332777
9059.87  5.891191
9061.11  5.337491
9062.35  4.849124
9063.59  5.222388
9064.83  4.351941
9066.07  4.776173
9067.31  5.394795
9068.55  4.811871
9069.79  4.98463
9071.03  4.182642
9072.27  4.866543
9073.51  5.204213
9074.76  4.917576
9076.00  5.295103
9077.24  4.432528
9078.48  4.72654
9079.72  5.180857
9080.96  4.505338
9082.20  4.718589
9083.44  4.419249
9084.68  4.54936
9085.92  5.292172
9087.16  4.670731
9088.41  4.530196
9089.65  4.629039
9090.89  4.84595
9092.13  5.659357
9093.37  4.934078
9094.61  4.456566
9095.85  4.750654
9097.09  4.120116
9098.33  5.034292
9099.57  4.292789
9100.81  4.173813
9102.05  4.330668
9103.30  4.392093
9104.54  5.110084
9105.78  4.530004
9107.02  4.280849
9108.26  4.731462
9109.50  4.435243
9110.74  5.269378
9111.98  5.243902
9113.22  4.588122
9114.46  4.552917
9115.70  4.120171
9116.95  4.738715
9118.19  4.908072
9119.43  4.14349
9120.67  4.584066
9121.91  4.630095
9123.15  4.904192
9124.39  5.227345
9125.63  4.307141
9126.87  4.015008
9128.11  4.033593
9129.35  4.270749
9130.60  4.389565
9131.84  4.014131
9133.08  4.569558
9134.32  4.301244
9135.56  3.884419
9136.80  4.383704
9138.04  3.767708
9139.28  3.837909
9140.52  3.931075
9141.76  3.550087
9143.00  4.526044
9144.24  3.94732
9145.49  4.400206
9146.73  4.678215
9147.97  4.031508
9149.21  4.928244
9150.45  4.605686
9151.69  4.415539
9152.93  4.365569
9154.17  4.20542
9155.41  4.343574
9156.65  4.16609
9157.89  4.037833
9159.14  4.502622
9160.38  4.117993
9161.62  4.752852
9162.86  4.693933
9164.10  4.228653
9165.34  3.987678
9166.58  3.706312
9167.82  4.421536
9169.06  4.380701
9170.30  3.879426
9171.54  4.075676
9172.78  3.7015
9174.03  4.209218
9175.27  4.588523
9176.51  4.112583
9177.75  4.03712
9178.99  3.726997
9180.23  3.676639
9181.47  4.162727
9182.71  4.551348
9183.95  4.45684
9185.19  3.84396
9186.43  3.836414
9187.68  4.913445
9188.92  4.39842
9190.16  4.149855
9191.40  4.353597
9192.64  4.186046
9193.88  4.906089
9195.12  3.888647
9196.36  4.124671
9197.60  3.639562
9198.84  3.676987
9200.08  4.889209
9201.32  4.35547
9202.57  3.769881
9203.81  4.251874
9205.05  3.81178
9206.29  4.320112
9207.53  4.587851
9208.77  4.717267
9210.01  4.736445
9211.25  3.709219
9212.49  4.476889
9213.73  4.249928
9214.97  3.914462
9216.22  4.19772
9217.46  3.936025
9218.70  4.651164
9219.94  4.77295
9221.18  3.957418
9222.42  3.896277
9223.66  3.517489
9224.90  4.221445
9226.14  5.076061
9227.38  3.998209
9228.62  3.748363
9229.87  3.606807
9231.11  3.751269
9232.35  4.674366
9233.59  3.939415
9234.83  4.063468
9236.07  4.11776
9237.31  4.142339
9238.55  5.005818
9239.79  4.153468
9241.03  4.22071
9242.27  4.480186
9243.51  4.145416
9244.76  5.129337
9246.00  4.538692
9247.24  3.885048
9248.48  4.024279
9249.72  3.63732
9250.96  4.799775
9252.20  4.845474
9253.44  3.996948
9254.68  4.423876
9255.92  3.911741
9257.16  4.56884
9258.41  4.246649
9259.65  3.490845
9260.89  3.932612
9262.13  3.459393
9263.37  3.914629
9264.61  4.083839
9265.85  3.727934
9267.09  3.87854
9268.33  3.998737
9269.57  4.247098
9270.81  4.317004
9272.05  4.113956
9273.30  4.116769
9274.54  3.615555
9275.78  3.596189
9277.02  4.692278
9278.26  4.605797
9279.50  3.980395
9280.74  3.688469
9281.98  4.050521
9283.22  4.688793
9284.46  3.7294
9285.70  3.696993
9286.95  3.780346
9288.19  3.575078
9289.43  4.926133
9290.67  4.114481
9291.91  3.712655
9293.15  3.666978
9294.39  3.648303
9295.63  4.793155
9296.87  4.157879
9298.11  3.75169
9299.35  3.852327
9300.59  3.59151
9301.84  4.376758
9303.08  4.199929
9304.32  3.349182
9305.56  3.424167
9306.80  3.314096
9308.04  4.407815
9309.28  4.278202
9310.52  3.143953
9311.76  3.474866
9313.00  3.468776
9314.24  3.950468
9315.49  4.452166
9316.73  3.684876
9317.97  3.754508
9319.21  3.903673
9320.45  3.765631
9321.69  4.142588
9322.93  3.5858
9324.17  3.568835
9325.41  3.918764
9326.65  4.081898
9327.89  4.915377
9329.14  3.641509
9330.38  3.80724
9331.62  3.741626
9332.86  3.639624
9334.10  4.694814
9335.34  4.047941
9336.58  3.922119
9337.82  3.493393
9339.06  3.532088
9340.30  4.395716
9341.54  3.980213
9342.78  3.966394
9344.03  4.261076
9345.27  3.561212
9346.51  4.424028
9347.75  4.428288
9348.99  4.25335
9350.23  4.55641
9351.47  4.578229
9352.71  5.442813
9353.95  5.05092
9355.19  4.772233
9356.43  4.231164
9357.68  3.141431
9358.92  4.273226
9360.16  5.119004
9361.40  5.036681
9362.64  4.935939
9363.88  4.595583
9365.12  4.871815
9366.36  4.772777
9367.60  4.087113
9368.84  3.899999
9370.08  3.354666
9371.32  3.490072
9372.57  4.48668
9373.81  4.092345
9375.05  3.507004
9376.29  3.342525
9377.53  4.016387
9378.77  4.447301
9380.01  3.751919
9381.25  3.372967
9382.49  3.234811
9383.73  3.398168
9384.97  4.338641
9386.22  3.623571
9387.46  3.411024
9388.70  3.412176
9389.94  3.465054
9391.18  4.033551
9392.42  3.658488
9393.66  3.609723
9394.90  3.539221
9396.14  3.451551
9397.38  4.148913
9398.62  3.690466
9399.86  3.293001
9401.11  3.608887
9402.35  3.162582
9403.59  3.920719
9404.83  4.110851
9406.07  3.147596
9407.31  3.525007
9408.55  3.506384
9409.79  3.787202
9411.03  4.23407
9412.27  3.688709
9413.51  3.51897
9414.76  3.305778
9416.00  3.647563
9417.24  4.196356
9418.48  3.464685
9419.72  3.616634
9420.96  3.764655
9422.20  3.437591
9423.44  4.133839
9424.68  3.657851
9425.92  3.934045
9427.16  3.712636
9428.41  3.422869
9429.65  4.481538
9430.89  3.712481
9432.13  3.15073
9433.37  3.273773
9434.61  3.39098
9435.85  4.3947
9437.09  4.082056
9438.33  3.706998
9439.57  3.963432
9440.81  3.720164
9442.05  4.194339
9443.30  3.895849
9444.54  3.250356
9445.78  3.84904
9447.02  3.448495
9448.26  4.565953
9449.50  4.762361
9450.74  4.195911
9451.98  3.907764
9453.22  3.342215
9454.46  3.70748
9455.70  3.773631
9456.95  3.35426
9458.19  3.763509
9459.43  3.82633
9460.67  3.808087
9461.91  3.710629
9463.15  3.263398
9464.39  3.537772
9465.63  3.539399
9466.87  3.80025
9468.11  4.301028
9469.35  3.884702
9470.59  4.096696
9471.84  3.504017
9473.08  3.513432
9474.32  4.3609
9475.56  3.554538
9476.80  3.473053
9478.04  3.614662
9479.28  3.766765
9480.52  4.432007
9481.76  4.073771
9483.00  3.966533
9484.24  3.207062
9485.49  2.791486
9486.73  4.410185
9487.97  3.519202
9489.21  3.659009
9490.45  3.35519
9491.69  2.920837
9492.93  3.854533
9494.17  4.199777
9495.41  4.119236
9496.65  3.83743
9497.89  3.386326
9499.13  4.304101
9500.38  4.335845
9501.62  3.446799
9502.86  3.862789
9504.10  3.644435
9505.34  3.605395
9506.58  3.596711
9507.82  3.530865
9509.06  3.970946
9510.30  3.378369
9511.54  3.627284
9512.78  4.234074
9514.03  3.400104
9515.27  3.528041
9516.51  3.542783
9517.75  3.544116
9518.99  4.325066
9520.23  3.706641
9521.47  3.656192
9522.71  3.38131
9523.95  3.316372
9525.19  4.314144
9526.43  3.853105
9527.68  3.444204
9528.92  3.694063
9530.16  3.258385
9531.40  4.363482
9532.64  3.843494
9533.88  3.116395
9535.12  3.651597
9536.36  3.593168
9537.60  4.366778
9538.84  4.098555
9540.08  4.168717
9541.32  4.143968
9542.57  3.43495
9543.81  3.762152
9545.05  3.971171
9546.29  3.513554
9547.53  3.838891
9548.77  3.40878
9550.01  3.650772
9551.25  3.581069
9552.49  3.51953
9553.73  4.096103
9554.97  3.783562
9556.22  3.559767
9557.46  3.471502
9558.70  3.281609
9559.94  3.770894
9561.18  3.455911
9562.42  3.336513
9563.66  4.220443
9564.90  3.921261
9566.14  3.851543
9567.38  3.738328
9568.62  3.523886
9569.86  4.430338
9571.11  3.570374
9572.35  3.401842
9573.59  3.355287
9574.83  3.552775
9576.07  4.443756
9577.31  3.76955
9578.55  3.769371
9579.79  3.228914
9581.03  2.880588
9582.27  3.97916
9583.51  3.539601
9584.76  3.711131
9586.00  3.633494
9587.24  3.066813
9588.48  4.199269
9589.72  4.04289
9590.96  3.4155
9592.20  3.64884
9593.44  3.725101
9594.68  4.439698
9595.92  4.131658
9597.16  3.090241
9598.40  3.916458
9599.65  3.992982
9600.89  3.983948
9602.13  4.134387
9603.37  3.306692
9604.61  3.255585
9605.85  3.299742
9607.09  3.998014
9608.33  4.743539
9609.57  4.047768
9610.81  3.836591
9612.05  3.421504
9613.30  3.463853
9614.54  4.403651
9615.78  3.953943
9617.02  3.992026
9618.26  3.823521
9619.50  3.502209
9620.74  4.280264
9621.98  3.645204
9623.22  3.467471
9624.46  3.292081
9625.70  3.242937
9626.94  4.118292
9628.19  3.88723
9629.43  3.747805
9630.67  3.987208
9631.91  2.904078
9633.15  4.394234
9634.39  3.960467
9635.63  3.362466
9636.87  3.835771
9638.11  3.520571
9639.35  4.207828
9640.59  3.79656
9641.84  3.333328
9643.08  4.108242
9644.32  3.107652
9645.56  3.696704
9646.80  4.462354
9648.04  3.479313
9649.28  3.548414
9650.52  3.489342
9651.76  4.05892
9653.00  4.43947
9654.24  3.916976
9655.49  3.976775
9656.73  3.652283
9657.97  3.670882
9659.21  4.202818
9660.45  3.602982
9661.69  3.069673
9662.93  3.265404
9664.17  3.916888
9665.41  4.504262
9666.65  3.856577
9667.89  3.586215
9669.13  3.881932
9670.38  3.827387
9671.62  4.240599
9672.86  3.645848
9674.10  3.804044
9675.34  4.107898
9676.58  3.895322
9677.82  4.807556
9679.06  4.428918
9680.30  3.627206
9681.54  3.578199
9682.78  3.103122
9684.03  4.565932
9685.27  4.548762
9686.51  3.969171
9687.75  3.939669
9688.99  4.055509
9690.23  4.737328
9691.47  4.549786
9692.71  4.519228
9693.95  4.238323
9695.19  3.672628
9696.43  5.068562
9697.67  5.131554
9698.92  4.067264
9700.16  4.02673
9701.40  3.493213
9702.64  4.587932
9703.88  5.134026
9705.12  4.405597
9706.36  4.573968
9707.60  4.086021
9708.84  4.035399
9710.08  4.495757
9711.32  4.022751
9712.57  4.398793
9713.81  4.617759
9715.05  4.580733
9716.29  4.778232
9717.53  4.149296
9718.77  4.622302
9720.01  4.296628
9721.25  4.398917
9722.49  5.141964
9723.73  4.292966
9724.97  4.706192
9726.21  4.899453
9727.46  4.684919
9728.70  5.515643
9729.94  5.058246
9731.18  4.81236
9732.42  4.618764
9733.66  4.602189
9734.90  5.713371
9736.14  5.043084
9737.38  5.058973
9738.62  5.238946
9739.86  5.114314
9741.11  6.383664
9742.35  6.999295
9743.59  6.857145
9744.83  7.49306
9746.07  8.322237
9747.31  12.34927
9748.55  18.53252
9749.79  30.60925
9751.03  41.59049
9752.27  42.13556
9753.51  35.48638
9754.76  27.10123
9756.00  18.78246
9757.24  13.60367
9758.48  10.87124
9759.72  10.28771
9760.96  9.6761
9762.20  7.810213
9763.44  7.640986
9764.68  6.527825
9765.92  5.458453
9767.16  6.294978
9768.40  5.12962
9769.65  4.734982
9770.89  5.20691
9772.13  4.983264
9773.37  5.782772
9774.61  4.7812
9775.85  4.999805
9777.09  4.748447
9778.33  4.627877
9779.57  5.862756
9780.81  4.972119
9782.05  4.366418
9783.30  4.091986
9784.54  3.955412
9785.78  4.861521
9787.02  4.810371
9788.26  4.574253
9789.50  4.217922
9790.74  4.037504
9791.98  4.613266
9793.22  4.162302
9794.46  4.078361
9795.70  4.048059
9796.94  3.62358
9798.19  4.734512
9799.43  4.414362
9800.67  4.217252
9801.91  4.408936
9803.15  3.803782
9804.39  4.233739
9805.63  4.872475
9806.87  4.416241
9808.11  3.91453
9809.35  3.545778
9810.59  4.473078
9811.84  4.69376
9813.08  4.137154
9814.32  3.977702
9815.56  3.34965
9816.80  3.918555
9818.04  4.337193
9819.28  3.671916
9820.52  4.147832
9821.76  3.853735
9823.00  3.447761
9824.24  4.330536
9825.48  3.988917
9826.73  3.80598
9827.97  3.773881
9829.21  3.605567
9830.45  4.660272
9831.69  4.072816
9832.93  3.564169
9834.17  3.465456
9835.41  3.920006
9836.65  4.250515
9837.89  3.937339
9839.13  4.003827
9840.38  4.331447
9841.62  3.175789
9842.86  4.21546
9844.10  4.210465
9845.34  3.644366
9846.58  3.832875
9847.82  3.45349
9849.06  4.228133
9850.30  4.068102
9851.54  3.520326
9852.78  4.264338
9854.03  3.986537
9855.27  5.735672
9856.51  5.642851
9857.75  5.215243
9858.99  5.188612
9860.23  4.34481
9861.47  4.48564
9862.71  4.279652
9863.95  3.876089
9865.19  4.267887
9866.43  3.62656
9867.67  3.837951
9868.92  4.032858
9870.16  3.635767
9871.40  3.647625
9872.64  3.172451
9873.88  3.843313
9875.12  4.404588
9876.36  4.002048
9877.60  4.302173
9878.84  3.864067
9880.08  3.611897
9881.32  4.321426
9882.57  3.978732
9883.81  3.856303
9885.05  3.765621
9886.29  3.448239
9887.53  4.353929
9888.77  3.848261
9890.01  3.560218
9891.25  3.360091
9892.49  3.236158
9893.73  4.024897
9894.97  3.540135
9896.21  3.916026
9897.46  3.838594
9898.70  3.299239
9899.94  4.611962
9901.18  3.63974
9902.42  3.463126
9903.66  3.829261
9904.90  3.394303
9906.14  4.043033
9907.38  3.800541
9908.62  3.660487
9909.86  3.955474
9911.11  3.178049
9912.35  4.043899
9913.59  3.958242
9914.83  3.489419
9916.07  3.717516
9917.31  3.015429
9918.55  3.648359
9919.79  3.789242
9921.03  3.304224
9922.27  3.339406
9923.51  3.057735
9924.75  3.798407
9926.00  4.117113
9927.24  3.288727
9928.48  3.525048
9929.72  3.527337
9930.96  3.29569
9932.20  3.719225
9933.44  3.460024
9934.68  3.282999
9935.92  3.118638
9937.16  3.462945
9938.40  4.230697
9939.65  3.561207
9940.89  3.644984
9942.13  3.378135
9943.37  3.628674
9944.61  4.177355
9945.85  3.336687
9947.09  3.390323
9948.33  3.1905
9949.57  3.182014
9950.81  4.284644
9952.05  3.760534
9953.30  3.24155
9954.54  3.270779
9955.78  2.897151
9957.02  4.147547
9958.26  3.785511
9959.50  3.656816
9960.74  3.437032
9961.98  3.00787
9963.22  3.987683
9964.46  3.789906
9965.70  3.189086
9966.94  3.591047
9968.19  3.476096
9969.43  3.872904
9970.67  3.201122
9971.91  2.93668
9973.15  3.008101
9974.39  2.647798
9975.63  3.648475
9976.87  3.578043
9978.11  3.047301
9979.35  3.627666
9980.59  2.9736
9981.84  3.755902
9983.08  4.27618
9984.32  3.427019
9985.56  3.604811
9986.80  3.60138
9988.04  4.056422
9989.28  4.12554
9990.52  3.20769
9991.76  2.994819
9993.00  2.76666
9994.24  3.63271
9995.48  4.502519
9996.73  3.653682
9997.97  3.626469
9999.21  3.638093
10000.45  3.555066
10001.69  3.803878
10002.93  3.500074
10004.17  3.328673
10005.41  3.256052
10006.65  3.317203
10007.89  3.979936
10009.13  3.397053
10010.38  3.354949
10011.62  3.71967
10012.86  3.025322
10014.10  4.158759
10015.34  3.287569
10016.58  3.206134
10017.82  3.469896
10019.06  2.877398
10020.30  3.563545
10021.54  3.230505
10022.78  3.217606
10024.02  3.39958
10025.27  3.122047
10026.51  3.798485
10027.75  3.710539
10028.99  3.396381
10030.23  3.550184
10031.47  2.952389
10032.71  3.437294
10033.95  3.2301
10035.19  3.35444
10036.43  3.753445
10037.67  3.274589
10038.92  3.677351
10040.16  3.796183
10041.40  3.481394
10042.64  3.807714
10043.88  3.149893
10045.12  3.670588
10046.36  4.212497
10047.60  3.273573
10048.84  2.904393
10050.08  2.595007
10051.32  3.118276
10052.57  3.56657
10053.81  3.196923
10055.05  3.381678
10056.29  2.930016
10057.53  3.260859
10058.77  4.255234
10060.01  3.64751
10061.25  3.059524
10062.49  2.858546
10063.73  3.028647
10064.97  4.106515
10066.21  3.418823
10067.46  3.331919
10068.70  3.536251
10069.94  3.382445
10071.18  4.298313
10072.42  3.796372
10073.66  3.080203
10074.90  2.848302
10076.14  2.833021
10077.38  3.975653
10078.62  3.567167
10079.86  3.509953
10081.11  3.433377
10082.35  3.18065
10083.59  4.396323
10084.83  3.024492
10086.07  3.236991
10087.31  3.642268
10088.55  2.926419
10089.79  4.424006
10091.03  3.86582
10092.27  3.188023
10093.51  3.233206
10094.75  2.728798
10096.00  3.376495
10097.24  3.144701
10098.48  3.235745
10099.72  3.550847
10100.96  2.889175
10102.20  3.493416
10103.44  3.662429
10104.68  3.242496
10105.92  3.318624
10107.16  2.842668
10108.40  3.448629
10109.65  3.857565
10110.89  3.511272
10112.13  3.380009
10113.37  2.921638
10114.61  3.322817
10115.85  3.672762
10117.09  3.163611
10118.33  2.931336
10119.57  3.054664
10120.81  3.206194
10122.05  3.348426
10123.29  3.468558
10124.54  3.357251
10125.78  3.186914
10127.02  3.261142
10128.26  4.350215
10129.50  3.853053
10130.74  3.187349
10131.98  3.196824
10133.22  3.554567
10134.46  3.849012
10135.70  2.92775
10136.94  2.847585
10138.19  3.150997
10139.43  3.568769
10140.67  3.770747
10141.91  3.57352
10143.15  2.284725
10144.39  2.561397
10145.63  3.182972
10146.87  3.727966
10148.11  3.268686
10149.35  3.779464
10150.59  3.623489
10151.84  3.005603
10153.08  4.008225
10154.32  3.739792
10155.56  3.040707
10156.80  2.837097
10158.04  2.736462
10159.28  3.854881
10160.52  3.561691
10161.76  2.633176
10163.00  2.824837
10164.24  2.875067
10165.48  4.073696
10166.73  3.816759
10167.97  3.214126
10169.21  3.228391
10170.45  2.864378
10171.69  3.636371
10172.93  3.694958
10174.17  3.343518
10175.41  3.184442
10176.65  2.455943
10177.89  3.419115
10179.13  3.447302
10180.38  3.264065
10181.62  3.640301
10182.86  2.877121
10184.10  3.020036
10185.34  3.724056
10186.58  3.249752
10187.82  2.992182
10189.06  2.794442
10190.30  3.252928
10191.54  4.02605
10192.78  3.085234
10194.02  3.057396
10195.27  3.084238
10196.51  2.92696
10197.75  3.646332
10198.99  2.752873
10200.23  2.934241
10201.47  3.417996
10202.71  2.951616
10203.95  3.491371
10205.19  3.636242
10206.43  3.185866
10207.67  2.709565
10208.92  3.570008
10210.16  4.054736
10211.40  3.109205
10212.64  2.650971
10213.88  3.03945
10215.12  2.625376
10216.36  3.153614
10217.60  3.158044
10218.84  2.654371
10220.08  2.812251
10221.32  2.840225
10222.56  3.434867
10223.81  2.745697
10225.05  2.20177
10226.29  2.726336
10227.53  2.870103
10228.77  2.95985
10230.01  3.132661
10231.25  2.87585
10232.49  3.079665
10233.73  2.561435
10234.97  3.446938
10236.21  3.038818
10237.46  2.559794
10238.70  3.159714
10239.94  2.571331
10241.18  2.86837
10242.42  3.19065
