 3142.6768       1.5474
 3143.3757       1.0259
 3143.6824       1.0973
 3144.0857       1.9536
 3145.5142       2.2297
 3145.9248       1.5056
 3147.2148       0.8647
 3147.7874       1.7371
 3147.9854       0.9111
 3148.1995       1.5384
 3150.4873       1.3100
 3150.6965       0.8876
 3150.9114       1.5038
 3153.6616       0.7770
 3153.8359       0.8071
 3154.0789       1.2577
 3164.0518       1.0627
 3169.6096       0.8234
 3171.6594       0.7946
 3209.4827       1.0830
 3209.7666       0.9140
 3210.7603       0.8823
 3211.7520       1.2754
 3211.9795       0.7092
 3212.1833       1.3915
 3213.6025       1.3191
 3213.8083       0.7631
 3214.0347       1.1345
 3215.8848       1.0595
 3216.0754       0.6274
 3216.3118       1.1190
 3218.5747       0.7330
 3218.6396       0.5710
 3218.7898       0.5156
 3219.0349       1.1194
 3221.7217       0.7810
 3221.8943       0.4868
 3222.2017       0.7080
 3229.8706       0.6844
 3236.3047       0.4956
 3236.5024       0.5435
 3238.8171       0.4280
 3258.5100       0.4183
 3258.7251       0.4301
 3258.8679       0.6943
 3260.3518       0.4108
 3260.5237       0.6425
 3260.9724       0.3609
 3262.2676       0.7400
 3262.4739       0.5582
 3262.6953       0.8325
 3264.9661       0.6853
 3265.1616       0.5978
 3265.3821       0.8601
 3267.0652       0.4853
 3268.6230       1.0508
 3271.8921       0.7337
 3276.1152       0.8237
 3276.3347       0.8605
 3280.8835       0.4580
 3281.0012       0.2921
 3281.1355       0.5400
 3281.3984       0.4233
 3281.5955       0.3313
 3281.7988       0.2585
 3285.7478       0.6926
 3286.7048       0.6203
 3286.9451       0.3322
 3287.1746       0.5324
 3288.5786       0.5357
 3288.8167       0.3730
 3289.0286       0.5543
 3290.8779       0.5813
 3292.8406       0.5525
 3293.1267       0.7015
 3295.2378       0.9348
 3295.4561       0.6977
 3295.6560       0.9480
 3297.1917       1.2762
 3297.6321       1.0439
 3299.6143       0.9744
 3300.0620       1.0439
 3302.5200       0.6458
 3302.7017       0.5814
 3302.9604       0.9886
 3305.8552       0.7340
 3306.0774       0.5801
 3306.3438       0.8402
 3309.6838       0.5925
 3309.9175       0.4508
 3310.1626       0.8338
 3310.4207       0.4837
 3310.8594       0.4797
 3311.4404       0.3665
 3313.0757       0.3790
 3313.2856       0.4102
 3314.0017       0.4870
 3314.1172       0.6938
 3319.0864       0.7867
 3323.8484       0.7518
 3326.5271       0.5139
 3328.1362       0.5011
 3328.8113       0.3337
 3330.1509       0.4650
 3330.6111       0.4858
 3333.1541       0.3853
 3334.8154       0.3412
 3335.8889       0.4166
 3368.4978       0.8012
 3368.8960       0.7669
 3369.0613       0.8982
 3369.4644       0.5860
 3370.1130       0.8680
 3370.3545       0.6006
 3370.5674       1.0095
 3372.0657       1.2174
 3372.3354       0.6600
 3372.5413       0.8869
 3373.1917       0.4327
 3373.5867       0.5724
 3374.5071       1.1271
 3374.7510       0.4792
 3374.9651       0.8880
 3375.9441       0.5241
 3376.3928       0.5533
 3377.4089       0.5915
 3377.4651       0.5806
 3377.6150       0.6214
 3377.8953       0.7752
 3377.9968       0.5720
 3379.7537       0.4658
 3380.7524       0.4558
 3380.8564       0.4505
 3380.9919       0.3699
 3381.2632       0.7000
 3381.7021       0.5036
 3381.8508       0.3932
 3383.7666       0.3813
 3384.5950       0.3851
 3384.7417       0.4691
 3385.1211       0.5824
 3385.4639       0.3760
 3420.3298       0.4978
 3420.8052       0.6152
 3423.2046       0.5548
 3423.6921       0.5717
 3430.6172       0.4207
 3431.1060       0.4375
 3434.5935       0.3629
 3435.3235       0.4549
 3435.6616       0.4337
 3449.8513       0.4831
 3450.6670       0.4290
 3451.2871       0.6117
 3451.5217       0.4124
 3451.7139       0.5823
 3452.7397       0.5831
 3453.0037       0.3845
 3453.2395       0.5882
 3454.4653       0.3894
 3454.7275       0.6239
 3454.9609       0.4137
 3455.2227       0.4900
 3456.0886       0.4243
 3456.9675       0.3218
 3457.1738       0.5542
 3457.4080       0.4457
 3457.6812       0.6245
 3460.1028       0.4369
 3460.3381       0.3356
 3460.6125       0.5217
 3464.0422       0.4554
 3477.9597       0.4251
 3478.2671       0.4093
 3478.7383       0.5215
 3479.0293       0.3563
 3479.3569       0.4658
 3479.6067       0.5429
 3479.9597       0.5344
 3480.1570       0.4848
 3480.4023       0.4183
 3480.5830       0.3654
 3480.7522       0.4629
 3481.0100       0.5099
 3481.1401       0.6560
 3481.3738       0.3922
 3482.2146       0.5050
 3482.4629       0.7425
 3482.7100       0.4518
 3482.9104       0.7000
 3483.4875       0.4955
 3483.7803       0.5045
 3484.7002       0.7743
 3484.9419       0.7304
 3485.1995       1.0831
 3486.5403       0.5124
 3486.8477       0.5462
 3487.5161       0.6044
 3487.7505       0.5256
 3488.0151       0.7972
 3488.2932       0.4269
 3488.6162       0.5490
 3490.5796       0.6454
 3491.3826       0.6303
 3492.6760       0.5495
 3494.9500       0.6429
 3497.3875       0.4456
 3499.7742       0.5312
 3502.3574       0.4328
 3502.7620       0.4612
 3504.8059       0.3661
 3505.3176       0.2802
 3505.7222       0.4121
 3508.9167       0.4595
 3509.8506       0.4153
 3512.1223       0.4126
 3512.9646       0.3170
 3517.2117       0.6437
 3520.8459       0.4469
 3540.8975       0.4470
 3542.4226       0.6872
 3542.8613       0.5629
 3544.2063       0.7279
 3544.6099       0.6176
 3545.1450       0.6185
 3545.5459       0.4382
 3546.2122       0.6672
 3546.6741       0.7796
 3547.2131       0.4008
 3547.9438       0.6262
 3548.8411       0.4230
 3549.3625       0.4912
 3550.3833       0.5313
 3550.9326       0.5527
 3552.6755       0.5679
 3553.1797       0.4789
 3553.9717       0.6065
 3554.3740       0.4800
 3554.5872       0.5168
 3554.7742       0.3943
 3555.1289       0.2724
 3555.5847       0.5059
 3555.8848       0.3755
 3556.0823       0.7400
 3556.6646       0.4655
 3556.8840       0.2481
 3557.8420       0.6167
 3558.1123       0.5060
 3558.3586       0.5874
 3558.9050       0.4479
 3560.6448       0.6511
 3560.8909       0.3544
 3561.1560       0.5898
 3561.3008       0.4763
 3561.5713       0.3093
 3563.1582       0.3615
 3563.9211       0.4940
 3564.2039       0.4365
 3564.4971       0.4654
 3566.5933       0.3155
 3567.8232       0.3978
 3567.9158       0.3282
 3568.3718       0.4059
 3577.7803       0.3339
 3582.7427       0.3265
 3615.3508       0.3989
 3615.6157       0.4255
 3616.0425       0.5282
 3616.6240       0.3827
 3617.0732       0.3090
 3617.3591       0.4226
 3617.8555       0.3312
 3618.2593       0.4458
 3618.7988       0.2993
 3619.3157       0.3782
 3619.8936       0.3677
 3620.5349       0.4015
 3621.1628       0.4972
 3621.9097       0.3736
 3622.5818       0.4852
 3623.4382       0.3678
 3624.1643       0.4631
 3625.1311       0.3228
 3625.9011       0.3726
 3627.8064       0.4516
 3629.0110       0.4291
 3629.8596       0.4217
 3632.0857       0.4814
 3632.3052       0.4401
 3633.3684       0.4058
 3633.9368       0.4379
 3634.4705       0.4184
 3635.5181       0.4742
 3636.0593       0.5928
 3637.0107       0.2889
 3638.1738       0.3346
 3638.4165       0.2559
 3638.7017       0.5193
 3639.7197       0.3056
 3640.5081       0.3043
 3641.2710       0.3090
 3641.5320       0.4023
 3641.8528       0.3496
 3642.5894       0.3779
 3643.2754       0.3506
 3645.4976       0.2627
 3645.6328       0.3234
 3649.0522       0.3104
 3649.3340       0.2738
 3649.6709       0.2875
 3664.7971       0.2630
 3668.0999       0.2368
 3669.8137       0.3233
 3673.4053       0.2714
 3676.0754       0.2555
 3697.8506       0.3367
 3698.1045       0.4139
 3698.4983       0.3661
 3699.0808       0.3610
 3699.6147       0.2569
 3699.8123       0.3280
 3700.4097       0.2977
 3700.6895       0.3361
 3701.3677       0.3587
 3701.7278       0.3605
 3702.4580       0.3668
 3702.9326       0.3059
 3703.7253       0.3384
 3704.2844       0.2902
 3705.1528       0.3685
 3705.8101       0.2612
 3706.7273       0.3510
 3707.4951       0.2616
 3708.4702       0.3449
 3709.3374       0.2477
 3710.3804       0.3882
 3711.1672       0.2051
 3711.3474       0.2103
 3714.6794       0.3156
 3717.0417       0.2776
 3719.6013       0.2612
 3722.3274       0.3423
 3728.2622       0.2868
 3731.3594       0.2952
 3731.6438       0.3017
 3733.1506       0.3855
 3733.5808       0.3380
 3734.0183       0.2518
 3734.2122       0.2496
 3734.5364       0.3314
 3734.8113       0.3705
 3735.0513       0.2415
 3735.7109       0.2613
 3736.3674       0.3602
 3736.9844       0.3439
 3737.6233       0.2691
 3737.8049       0.2543
 3738.0879       0.2728
 3738.5237       0.3374
 3738.8252       0.2150
 3739.0984       0.3824
 3739.3103       0.3926
 3739.6133       0.4298
 3739.7771       0.3508
 3739.8865       0.1890
 3741.0708       0.4576
 3741.6289       0.5167
 3743.5273       0.3530
 3743.7969       0.2802
 3744.0588       0.5272
 3746.5010       0.4925
 3746.7795       0.3104
 3747.0688       0.5188
 3750.3472       0.2891
 3750.6619       0.3598
 3754.1956       0.3199
 3754.4954       0.2555
 3754.8347       0.4822
 3757.7944       0.1921
 3758.2217       0.1663
 3758.9431       0.2997
 3759.0933       0.1702
 3759.2332       0.2178
 3759.5779       0.2383
 3747.0691       0.2447
 3750.0967       0.1707
 3750.3438       0.1330
 3750.6519       0.1968
 3754.2141       0.3466
 3754.8308       0.3831
 3758.2297       0.1863
 3758.9431       0.2666
 3759.5818       0.2120
 3764.2703       0.2585
 3764.9436       0.1587
 3765.9292       0.1783
 3770.2012       0.1627
 3770.3960       0.1285
 3770.5605       0.0960
 3772.3159       0.2273
 3772.9663       0.2850
 3773.4285       0.2996
 3774.9397       0.3147
 3775.2329       0.2836
 3775.4824       0.2848
 3777.6162       0.3392
 3778.1880       0.3141
 3780.9341       0.3002
 3781.2139       0.2304
 3781.5039       0.2640
 3784.8796       0.3039
 3785.4634       0.2370
 3790.0720       0.2283
 3791.2578       0.2554
 3791.9639       0.2219
 3792.5469       0.1782
 3792.8516       0.2163
 3794.7515       0.2728
 3795.0820       0.2225
 3795.3748       0.1847
 3796.4329       0.2420
 3797.3406       0.1127
 3797.4739       0.1884
 3797.9480       0.1263
 3799.0879       0.1237
 3799.6438       0.1779
 3800.8188       0.2175
 3801.4971       0.2465
 3809.4824       0.2068
 3812.6921       0.2788
 3813.4255       0.3296
 3814.0615       0.2642
 3814.8359       0.3682
 3815.4399       0.2476
 3815.8096       0.2371
 3816.4583       0.2057
 3816.9585       0.2937
 3817.7595       0.1941
 3818.2493       0.2862
 3819.0027       0.3734
 3819.6873       0.2225
 3820.5134       0.6196
 3820.8027       0.2029
 3821.3699       0.3024
 3821.6624       0.1610
 3822.0603       0.1989
 3822.2400       0.3384
 3822.5674       0.1411
 3823.2153       0.2815
 3824.1191       0.3747
 3824.2793       0.1687
 3825.2012       0.2437
 3826.1819       0.2956
 3826.6370       0.1993
 3827.0354       0.1706
 3827.3862       0.1726
 3828.4089       0.3240
 3828.5676       0.3008
 3829.1289       0.2693
 3829.5503       0.3602
 3830.1438       0.1949
 3830.3196       0.3010
 3830.6306       0.4063
 3830.8303       0.6009
 3830.9810       0.1787
 3831.2466       0.1695
 3832.1030       0.3707
 3832.4348       0.2510
 3832.6917       0.4406
 3832.9136       0.2581
 3833.3828       0.2035
 3833.5439       0.2332
 3834.5349       0.5418
 3835.1045       0.3202
 3837.5110       0.4411
 3837.8091       0.2657
 3838.1135       0.3820
 3839.0840       0.2525
 3841.3704       0.3449
 3841.6980       0.4507
 3842.1606       0.2626
 3845.1995       0.3142
 3845.3442       0.2948
 3845.5046       0.3044
 3845.8962       0.3707
 3847.1987       0.2018
 3847.5149       0.2902
 3848.1729       0.2422
 3848.9294       0.1409
 3849.9272       0.2404
 3850.1099       0.2530
 3850.2642       0.2505
 3850.6091       0.2801
 3850.8804       0.1945
 3852.5540       0.1394
 3854.1501       0.1688
 3855.2500       0.2513
 3855.9541       0.2546
 3864.6057       0.2152
 3865.1890       0.1380
 3875.6069       0.2050
 3882.9121       0.1838
 3888.6414       0.6686
 3890.0657       0.2127
 3904.5752       0.4027
 3904.8369       0.3804
 3905.2898       0.3147
 3905.8674       0.3477
 3906.5217       0.2323
 3906.6548       0.3425
 3907.3726       0.4886
 3907.6055       0.5377
 3908.3855       0.3835
 3908.7356       0.3878
 3909.6064       0.3588
 3910.0293       0.4684
 3910.9512       0.3843
 3911.4727       0.3999
 3912.4846       0.4640
 3913.6907       0.2797
 3914.1921       0.4562
 3914.6953       0.2579
 3914.9451       0.3355
 3916.0845       0.3895
 3916.9219       0.2882
 3918.1409       0.3204
 3918.4622       0.2395
 3919.0793       0.2634
 3920.3784       0.3278
 3921.1182       0.2127
 3921.4036       0.2214
 3922.7874       0.3253
 3923.5964       0.2266
 3923.9041       0.2125
 3925.3721       0.3156
 3926.2659       0.1825
 3926.6111       0.1493
 3927.8350       0.1966
 3928.1396       0.3174
 3929.0977       0.1842
 3929.4673       0.1674
 3931.0825       0.3032
 3932.5195       0.3614
 3937.4954       0.1819
 3939.5325       0.1883
 3939.8372       0.2212
 3940.5105       0.1932
 3940.9724       0.2094
 3941.1692       0.2211
 3941.7314       0.2836
 3942.8479       0.3108
 3943.5229       0.3778
 3945.2131       0.3052
 3945.5115       0.2182
 3945.6331       0.2000
 3945.8608       0.3728
 3948.0754       0.2781
 3948.4072       0.2312
 3948.7307       0.3406
 3951.2712       0.1803
 3951.5422       0.2432
 3951.8115       0.2229
 3952.1814       0.2394
 3953.4277       0.2054
 3953.9563       0.2602
 3955.4446       0.2176
 3955.5955       0.2035
 3955.7886       0.2035
 3956.1753       0.2153
 3956.7029       0.2043
 3959.6155       0.1184
 3959.7803       0.1500
 3960.1375       0.1675
 3960.3359       0.1797
 3960.7327       0.1790
 3961.5901       0.2003
 3973.9233       0.3001
 3974.3582       0.1777
 3974.8506       0.2026
 3977.4807       0.2448
 3977.8528       0.2075
 3978.1108       0.2714
 3980.3809       0.3034
 3980.7285       0.2590
 3981.0088       0.2952
 3981.4341       0.2664
 3983.9578       0.2266
 3984.2803       0.1885
 3984.5964       0.3363
 3988.2124       0.2535
 3988.2939       0.1955
 3988.5488       0.1887
 3988.8848       0.2609
 3989.8164       0.2075
 3993.1892       0.1938
 3993.5129       0.1799
 3993.8691       0.2348
 3999.0938       0.2483
 3999.5444       0.2640
 4007.5122       0.3405
 4007.7639       0.3331
 4008.1887       0.3023
 4008.7959       0.2761
 4009.3809       0.2231
 4009.5396       0.3206
 4010.4380       0.2456
 4011.4348       0.2865
 4011.6072       0.2632
 4012.6267       0.2808
 4012.9031       0.2643
 4014.0237       0.3385
 4014.3364       0.2581
 4015.5737       0.2970
 4015.9971       0.2631
 4016.5945       0.2230
 4017.3018       0.2691
 4017.8035       0.2177
 4019.2097       0.3182
 4019.8010       0.2510
 4020.2322       0.1706
 4020.5059       0.1948
 4021.3015       0.2864
 4021.9668       0.2176
 4023.5413       0.2740
 4024.3110       0.2140
 4024.5024       0.2061
 4024.8259       0.1947
 4025.9839       0.2548
 4026.8291       0.2689
 4028.5884       0.2576
 4028.8652       0.2252
 4029.0635       0.1782
 4029.7300       0.2134
 4031.3845       0.1884
 4032.6445       0.2429
 4043.1538       0.2381
 4043.3801       0.2742
 4044.0322       0.1841
 4044.3760       0.2556
 4044.7043       0.2747
 4045.3730       0.2709
 4047.3276       0.3715
 4047.6616       0.2784
 4047.9858       0.3334
 4050.3809       0.3056
 4050.5469       0.2497
 4050.8770       0.2748
 4051.2253       0.3204
 4054.3818       0.2609
 4054.4983       0.2683
 4054.7114       0.1756
 4055.0901       0.2446
 4057.7039       0.1986
 4058.8882       0.1975
 4058.9910       0.2097
 4059.5938       0.2489
 4060.8228       0.2430
 4061.4753       0.2928
 4061.8254       0.1886
 4061.9619       0.3056
 4062.6602       0.1822
 4062.8931       0.2222
 4063.2400       0.1947
 4063.4717       0.2373
 4064.7012       0.2132
 4064.9783       0.2871
 4065.6296       0.3353
 4065.8384       0.2322
 4066.0134       0.2822
 4066.8572       0.1997
 4067.8145       0.3222
 4068.1665       0.2227
 4068.4834       0.3277
 4069.3350       0.2169
 4076.0906       0.3231
 4076.2253       0.2577
 4078.3984       0.2088
 4079.6174       0.1874
 4079.8245       0.1981
 4080.3782       0.2448
 4080.5229       0.2411
 4081.0544       0.2473
 4081.5059       0.2789
 4082.5620       0.2346
 4083.1431       0.2769
 4084.0857       0.0949
 4084.3750       0.1885
 4084.9697       0.2038
 4085.6379       0.2512
 4085.9456       0.1849
 4086.3425       0.2514
 4086.6931       0.2190
 4087.0093       0.2635
 4088.5906       0.1918
 4089.2610       0.2545
 4089.6465       0.1878
 4091.0217       0.1655
 4091.1948       0.1952
 4091.7031       0.2396
 4092.2104       0.2071
 4092.9548       0.1791
 4093.3032       0.1641
 4093.6621       0.2100
 4094.3735       0.2064
 4096.2808       0.1449
 4096.5010       0.1603
 4096.9893       0.1848
 4097.2612       0.2234
 4097.5376       0.1590
 4097.8682       0.1419
 4098.9990       0.1586
 4099.2192       0.1843
 4099.5522       0.2146
 4100.3506       0.2048
 4100.6323       0.1288
 4100.9854       0.1246
 4101.3477       0.1457
 4101.7217       0.1214
 4103.6431       0.1535
 4103.9780       0.1679
 4107.1709       0.2826
 4107.5493       0.2387
 4109.1748       0.2567
 4109.4419       0.2116
 4113.9600       0.2158
 4114.5269       0.3318
 4120.8105       0.3278
 4122.3135       0.2021
 4122.9434       0.2226
 4125.2925       0.2675
 4126.3677       0.2130
 4128.0522       0.3397
 4130.5283       0.1934
 4130.7964       0.2095
 4132.6787       0.2510
 4134.3467       0.1795
 4134.6021       0.1627
 4136.2769       0.3484
 4136.7690       0.2077
 4138.2363       0.1951
 4138.4863       0.1914
 4138.7109       0.2618
 4139.9185       0.1925
 4145.4756       0.2912
 4155.4014       0.2602
 4155.6846       0.3251
 4156.5396       0.1814
 4156.8423       0.2552
 4158.1313       0.3290
 4158.5151       0.2848
 4158.8325       0.3296
 4160.7505       0.3347
 4161.1162       0.2541
 4161.4683       0.3045
 4163.9902       0.2943
 4164.0605       0.3254
 4164.3862       0.2735
 4164.7261       0.3483
 4164.9873       0.3194
 4165.7070       0.3668
 4166.6475       0.2209
 4166.9141       0.2773
 4167.2861       0.1985
 4167.8252       0.3256
 4168.2197       0.2709
 4168.5732       0.3222
 4169.1333       0.2596
 4169.7451       0.2071
 4169.8770       0.2532
 4171.0615       0.1952
 4171.4766       0.2286
 4171.6924       0.1775
 4172.3408       0.2770
 4172.6870       0.2117
 4172.9961       0.3239
 4173.1328       0.2304
 4173.3115       0.2086
 4174.7798       0.2854
 4175.3320       0.2890
 4175.5000       0.3023
 4176.5537       0.1761
 4176.7695       0.1650
 4177.5264       0.2535
 4177.8848       0.2783
 4178.2700       0.2407
 4178.6123       0.2716
 4179.1802       0.1607
 4182.3486       0.2129
 4182.6040       0.2313
 4184.1040       0.1844
 4184.2881       0.1714
 4185.4136       0.3900
 4185.8213       0.2328
 4186.6353       0.2354
 4188.4971       0.2385
 4189.3008       0.3068
 4189.6836       0.2153
 4194.6104       0.3358
 4200.8711       0.3548
 4203.6553       0.1624
 4204.5361       0.1726
 4206.9180       0.2574
 4208.0791       0.4700
 4216.2603       0.3655
 4225.4160       0.3505
 4235.5571       0.3347
 4246.7163       0.3174
 4246.9727       0.1994
 4247.4355       0.2008
 4248.0845       0.2052
 4248.9204       0.2694
 4249.8955       0.2395
 4251.1147       0.2073
 4252.2896       0.2403
 4253.8315       0.2446
 4254.0991       0.1940
 4272.1343       0.2014
 4279.3521       0.1815
 4279.7358       0.1744
 4284.1899       0.1841
 4285.0303       0.2716
 4286.4634       0.1837
 4291.3213       0.2350
 4297.3857       0.2793
 4298.5063       0.2360
 4303.5171       0.1805
 4310.2773       0.1891
 4311.4604       0.2026
 4312.2329       0.1921
 4314.0547       0.2817
 4314.8174       0.2419
 4315.8564       0.2409
 4317.2041       0.2501
 4317.5747       0.2111
 4317.9976       0.2768
 4318.4165       0.1886
 4321.3589       0.2191
 4321.8037       0.2147
 4325.9814       0.2012
 4340.4424       0.2588
 4368.2495       0.4518
 4383.1841       0.2016
 4384.9258       0.1877
 4391.2290       0.1978
 4400.2559       0.2007
 4401.7744       0.2005
 4402.3521       0.2310
 4403.8213       0.2298
 4404.8281       0.1704
 4405.2202       0.2474
 4405.3745       0.2026
 4405.6826       0.2397
 4406.0693       0.2560
 4406.3193       0.2560
 4406.7393       0.2097
 4406.9941       0.2781
 4408.0801       0.2560
 4408.5220       0.2707
 4408.8794       0.2360
 4409.0020       0.2293
 4409.3496       0.2589
 4411.6162       0.3738
 4412.0259       0.2700
 4412.4126       0.4007
 4415.4526       0.2725
 4415.8101       0.2511
 4416.2036       0.3821
 4420.7310       0.2511
 4420.8115       0.2622
 4422.8154       0.2156
 4425.9917       0.3054
 4432.9175       0.2425
 4436.0166       0.2528
 4445.3613       0.2173
 4445.5894       0.2510
 4446.4370       0.2467
 4455.6328       0.1885
 4458.0776       0.2515
 4462.7642       0.3924
 4467.5630       0.2454
 4474.9009       0.2410
 4484.9233       0.2511
 4507.6899       0.2801
 4528.5835       0.2059
 4530.5122       0.2213
 4530.8091       0.2047
 4535.1128       0.2349
 4535.9370       0.2176
 4536.1704       0.2027
 4536.3423       0.2274
 4537.0884       0.2593
 4538.5312       0.2209
 4539.2915       0.2871
 4539.4243       0.2321
 4540.1465       0.2391
 4541.7061       0.2873
 4543.2432       0.2428
 4543.9502       0.2292
 4544.3428       0.2510
 4553.1172       0.2166
 4553.6108       0.2674
 4564.9048       0.2177
 4567.9546       0.2313
 4576.9209       0.2636
 4579.7202       0.2306
 4580.1460       0.1928
 4580.4272       0.2092
 4581.2061       0.2118
 4582.4717       0.2298
 4582.9268       0.2243
 4583.3188       0.2457
 4585.2524       0.2561
 4585.6968       0.2054
 4586.1597       0.2466
 4586.9336       0.2194
 4589.6289       0.2432
 4659.5977       0.2626
 4660.7734       0.2266
 4662.0542       0.2158
 4662.2324       0.2407
 4667.3428       0.1886
 4667.7710       0.1835
 4669.0024       0.2088
 4669.5747       0.2243
 4671.9976       0.2282
 4672.2256       0.1997
 4672.5767       0.1855
 4674.6753       0.2240
 4675.0205       0.1971
 4675.3716       0.2111
 4675.7578       0.2252
 4678.3101       0.1880
 4680.6963       0.2155
 4681.1890       0.1862
 4681.5889       0.2520
 4711.0918       0.2293
 4719.3926       0.2231
 4811.6138       0.2096
 4812.4478       0.2600
 4818.9287       0.2460
 4820.5786       0.2150
 4821.5142       0.2621
 4823.9038       0.1904
 4824.8423       0.2621
 4828.0532       0.2387
 4828.9780       0.2504
 4842.5112       0.2649
 4847.4321       0.2278
 4847.8984       0.2100
 4861.3203       0.3118
 4882.6499       0.1472
 4883.0737       0.1843
 4905.0894       0.2608
 4910.1543       0.1434
 4918.4058       0.1780
 4931.4146       0.1379
 4931.8706       0.2183
 4936.4136       0.1492
 4937.8062       0.2783
 4947.9053       0.1601
 4953.3481       0.1717
 4953.4849       0.2106
 4963.2427       0.1544
 4966.4927       0.2027
 4975.4053       0.1735
 4977.5449       0.1736
 4992.3281       0.1761
 4995.5752       0.1481
 4995.9541       0.1365
 5004.4351       0.1555
 5078.8462       0.1412
 5091.0156       0.1471
 5187.4033       0.2708
 5187.7563       0.2707
 5189.2603       0.1586
 5189.4976       0.1809
 5197.9282       4.7512
 5200.2856       2.7566
 5202.9790       0.5274
 5208.7935       0.2311
 5217.3906       0.1975
 5224.1450       0.4948
 5232.1528       0.2646
 5238.7520       0.5508
 5249.8804       0.2430
 5254.2749       0.1418
 5256.0454       0.3341
 5256.1328       0.3466
 5256.7769       0.1508
 5261.2046       0.1413
 5275.0732       0.2359
 5276.1431       0.2391
 5276.3550       0.2164
 5294.0454       0.1667
 5298.5010       0.2220
 5299.1597       0.1812
 5299.4575       0.1919
 5306.5884       0.1672
 5311.7803       0.1470
 5313.2417       0.2648
 5320.4951       0.1476
 5324.4429       0.1434
 5325.1694       0.1515
 5325.5093       0.1398
 5329.6812       0.1608
 5330.4224       0.1734
 5330.7290       0.1942
 5344.7725       0.1285
 5349.9253       0.1525
 5350.1484       0.1440
 5354.1812       0.1413
 5354.6440       0.1414
 5502.4004       0.1504
 5542.2358       0.4510
 5543.4458       0.1511
 5544.5923       0.4431
 5544.8945       0.2168
 5549.3433       0.2109
 5562.9663       0.1480
 5564.0010       0.8658
 5569.5312       0.2911
 5577.3467     154.4809
 5581.2188       0.2908
 5589.1362       0.7199
 5597.7939       0.3732
 5605.1475       0.7273
 5617.1709       0.3292
 5623.7832       0.4253
 5623.8994       0.4122
 5639.3037       0.2450
 5645.1680       0.2942
 5645.3999       0.2758
 5664.1958       0.1722
 5669.3882       0.2018
 5669.6860       0.1785
 5696.4946       0.1565
 5696.8516       0.1590
 5865.4673       0.8422
 5866.0039       0.5305
 5867.2676       0.3166
 5867.5522       1.0304
 5868.3135       0.4540
 5869.2783       0.3284
 5869.4819       0.2300
 5872.7358       0.4221
 5874.9370       0.1830
 5875.3892       0.1970
 5887.1353       0.3209
 5888.1924       2.2385
 5889.9590      11.2867
 5894.4717       0.6972
 5895.9321       6.7611
 5903.3706       0.2212
 5903.5771       0.1899
 5906.7051       0.5899
 5915.3076       1.8282
 5924.7295       0.9016
 5932.8643       1.8154
 5945.9360       0.8174
 5953.3589       1.0486
 5953.4897       1.0745
 5970.2822       0.6083
 5976.9619       0.6896
 5977.2070       0.6501
 5997.7651       0.3455
 6003.7510       0.3993
 6004.0859       0.3823
 6028.3755       0.1804
 6028.5088       0.1841
 6033.7905       0.2747
 6034.2192       0.2135
 6067.1567       0.1783
 6067.6831       0.1741
 6099.4585       0.1492
 6099.7695       0.1462
 6103.9312       0.1586
 6104.5850       0.1570
 6136.5508       0.1472
 6136.7798       0.2248
 6138.9849       0.1601
 6139.4668       0.4040
 6140.0938       0.1476
 6140.5542       0.1242
 6143.3799       0.2021
 6144.4819       0.4931
 6150.9390       0.2495
 6155.9878       0.1569
 6156.7739       0.2211
 6158.1890       0.2666
 6169.5361       0.1840
 6170.6460       1.1814
 6176.2949       0.3336
 6184.3096       0.1529
 6192.9438       0.3464
 6202.7280       0.9862
 6213.0674       0.4548
 6221.7759       0.8318
 6234.3042       1.4175
 6235.6836       0.9273
 6235.9653       1.8141
 6236.9941       0.4200
 6237.4194       0.6502
 6240.2407       0.5015
 6241.6987       0.6263
 6243.5649       0.4854
 6243.7280       0.4550
 6247.3672       0.1684
 6248.0205       0.2414
 6256.9502       0.4147
 6257.9702       3.5662
 6259.1895       0.1637
 6261.7549       0.2517
 6262.7471       0.1399
 6262.8452       0.1450
 6265.2231       1.1453
 6268.2793       0.2844
 6268.5396       0.2512
 6278.0962       0.5680
 6287.4429       2.9576
 6289.0479       0.1657
 6289.4380       0.1364
 6290.3550       0.1392
 6295.9155       0.1814
 6296.2949       0.1535
 6297.9116       1.2702
 6300.3086     125.9882
 6301.2817       0.1822
 6306.9336       3.0754
 6308.5566       0.1536
 6321.4087       1.2701
 6329.7842       1.5794
 6329.9277       1.6699
 6342.8687       0.1289
 6343.2407       0.1306
 6348.5449       0.8962
 6356.1846       1.1168
 6356.4526       1.0526
 6361.3022       0.1363
 6363.7827      41.0899
 6379.3218       0.5185
 6386.2505       0.6283
 6386.6230       0.5954
 6413.7734       0.2257
 6413.8892       0.2024
 6420.0757       0.3493
 6420.5601       0.3252
 6425.7524       0.1340
 6451.9526       0.1771
 6452.2310       0.1640
 6455.9927       0.1243
 6457.7412       0.2096
 6458.3457       0.1912
 6463.5298       0.7228
 6463.8008       0.3495
 6464.8960       0.2100
 6465.9468       1.3541
 6466.9248       0.2056
 6470.1528       0.5783
 6470.9849       1.6028
 6477.9214       0.6328
 6494.1201       0.1031
 6494.4170       0.1222
 6497.5312       0.4350
 6498.7368       4.2749
 6499.3955       0.1459
 6500.1323       0.1494
 6502.6094       0.1396
 6502.7207       0.1437
 6504.9990       1.0114
 6513.8545       0.2833
 6514.1514       0.2727
 6522.4326       0.9594
 6533.0498       3.2824
 6540.2812       0.1345
 6540.7568       0.1229
 6544.0356       1.3781
 6546.0698       0.1222
 6552.8174       0.1268
 6553.6260       2.6673
 6555.9072       0.1030
 6558.2837       0.0992
 6562.7598       1.1632
 6568.7891       1.1619
 6577.2017       1.5694
 6577.3760       1.4609
 6578.1045       0.1330
 6580.4399       0.1343
 6583.7236       0.1841
 6584.4878       0.1384
 6596.6445       0.6829
 6603.9956       0.8587
 6604.2837       0.7822
 6620.4541       0.1128
 6627.6318       0.3092
 6634.0483       0.4170
 6634.4336       0.3880
 6650.8125       0.1224
 6661.6851       0.1568
 6661.8638       0.1623
 6667.3857       0.2242
 6667.8667       0.1841
 6699.0552       0.1403
 6699.2856       0.1210
 6699.6548       0.1290
 6704.1064       0.1711
 6704.6763       0.1460
 6704.1045       0.1729
 6704.7002       0.1489
 6707.9019       0.1031
 6710.1748       0.1036
 6711.1401       0.1083
 6713.8735       0.1085
 6714.7993       0.1143
 6715.8081       0.1139
 6716.9751       0.1168
 6718.9707       0.1004
 6720.8530       0.0979
 6722.7974       0.1058
 6723.6650       0.0978
 6728.8916       0.0960
 6730.1270       0.1000
 6739.6987       0.1279
 6740.0830       0.1226
 6741.8594       0.0994
 6742.9131       0.0977
 6744.2295       0.1330
 6744.9360       0.1279
 6746.9268       0.1030
 6769.0488       0.0939
 6783.7720       0.1285
 6784.2568       0.1102
 6787.8696       0.1480
 6788.7129       0.1302
 6803.1436       0.1192
 6818.7607       0.1087
 6827.4688       1.7680
 6828.4824       0.8257
 6829.5083       3.1619
 6829.9307       0.8072
 6831.3560       0.1318
 6831.9551       0.1129
 6832.6670       0.4084
 6834.0215       1.3086
 6834.4458       3.2604
 6835.1006       0.1327
 6835.7720       0.1041
 6836.0796       0.1348
 6839.6665       0.1911
 6840.0649       0.2523
 6841.9634       1.3152
 6850.0352       0.1616
 6850.8071       0.1806
 6862.6963       0.8605
 6863.9707       8.8607
 6864.8789       0.1340
 6865.0464       0.1354
 6868.3501       0.1193
 6868.4897       0.1398
 6871.0732       1.1441
 6877.9175       0.1123
 6878.2778       0.0956
 6880.2358       0.1035
 6880.9492       0.5661
 6881.2549       0.5516
 6882.1055       0.0957
 6882.4443       0.1259
 6882.6523       0.1622
 6883.3433       0.1116
 6886.0405       0.1463
 6887.1665       0.1226
 6889.3022       1.9032
 6894.0981       0.2149
 6894.6382       0.1979
 6900.8076       2.1768
 6902.4355       0.1160
 6903.5659       0.1138
 6903.8945       0.1051
 6910.5034       0.1018
 6911.3599       0.1015
 6912.6382       2.6807
 6921.4136       0.1245
 6923.1924       4.4382
 6924.6040       0.1894
 6927.1245       0.1014
 6927.3218       0.1061
 6928.3442       0.1132
 6928.8477       0.1061
 6929.4253       0.0852
 6937.6499       0.1325
 6938.4873       0.1106
 6939.5420       2.5603
 6940.7822       0.1563
 6942.0781       0.1312
 6948.9634       3.2389
 6949.1680       3.0787
 6951.7017       0.2003
 6952.8555       0.0960
 6954.5630       0.0963
 6955.1899       0.1100
 6955.6035       0.1030
 6955.8931       0.0991
 6956.2324       0.1221
 6956.8950       0.1024
 6957.4619       0.1325
 6958.4829       0.1112
 6959.0039       0.1240
 6959.9404       0.1112
 6960.7681       0.1241
 6961.7651       0.1124
 6962.8389       0.1141
 6963.7969       0.1045
 6965.1880       0.1107
 6966.3379       0.1594
 6969.9404       1.6079
 6971.9629       0.1065
 6973.0005       0.1128
 6975.2295       0.1121
 6976.2207       0.1226
 6978.2676       1.8394
 6978.5811       1.7867
 6979.7109       0.1280
 6982.5190       0.1260
 6983.4365       0.1302
 6986.1226       0.1168
 6986.3291       0.1274
 6987.4922       0.1224
 6987.9238       0.0957
 6989.2700       0.0973
 6990.8569       0.1134
 6991.7778       0.1106
 6995.4077       0.1002
 6996.3345       0.1062
 6996.5786       0.1246
 6997.0122       0.1254
 6997.5708       0.1127
 6999.4878       0.1458
 7000.9536       0.1200
 7001.9307       0.1052
 7002.2354       0.1262
 7003.8730       0.6750
 7005.2744       0.0938
 7011.2212       0.9753
 7011.6406       0.9360
 7029.6626       0.1518
 7041.2676       0.3301
 7041.4731       0.3293
 7045.0205       0.1115
 7045.3633       0.1277
 7046.0298       0.1959
 7046.4165       0.1325
 7046.9619       0.2047
 7047.8760       0.5987
 7048.3931       0.4739
 7049.1328       0.1881
 7049.5942       0.2309
 7050.6050       0.2082
 7051.3540       0.2414
 7052.3491       0.1973
 7053.4058       0.2130
 7054.3853       0.1705
 7055.7563       0.1644
 7056.7007       0.1112
 7059.5742       0.1130
 7060.6938       0.1809
 7062.2749       0.1212
 7062.6592       0.1719
 7063.7109       0.2211
 7065.9956       0.2271
 7067.0068       0.2677
 7067.5620       0.1199
 7069.5947       0.2437
 7070.5796       0.2897
 7073.4683       0.2356
 7074.4512       0.2720
 7077.6279       0.2037
 7078.5933       0.2210
 7082.0747       0.1819
 7082.3804       0.2482
 7082.6963       0.2355
 7083.0210       0.1928
 7085.7124       0.0984
 7086.8003       0.1565
 7087.7339       0.1551
 7088.2881       0.3457
 7088.9326       0.3170
 7089.3911       0.1007
 7089.9023       0.1387
 7090.3442       0.1141
 7091.3716       0.1065
 7091.7939       0.1496
 7092.4072       0.0851
 7092.7603       0.1411
 7097.0981       0.0998
 7098.0254       0.1066
 7100.2002       0.1021
 7101.2812       0.1165
 7103.6382       0.1109
 7104.7046       0.1107
 7107.5425       0.1125
 7108.5771       0.1228
 7111.9595       0.1114
 7112.9248       0.1085
 7116.7432       0.1061
 7117.7017       0.0999
 7122.0015       0.0976
 7122.9468       0.0979
 7126.8267       0.1211
 7127.2607       0.2281
 7127.6704       0.2105
 7128.1138       0.0986
 7128.6787       0.0952
 7129.3462       0.1291
 7131.1895       0.1048
 7132.5718       0.2801
 7133.3613       0.2477
 7141.1450       0.1217
 7141.6821       0.1397
 7142.1953       0.1157
 7142.5200       0.1680
 7142.7275       0.1377
 7143.2559       0.0931
 7143.6064       0.2694
 7144.6875       0.1967
 7145.0615       0.2334
 7145.5854       0.0826
 7146.1094       0.1996
 7146.7974       0.2205
 7147.8223       0.1918
 7148.8408       0.1966
 7149.8516       0.1620
 7151.1938       0.1454
 7152.1460       0.0972
 7156.2139       0.1531
 7158.2153       0.1672
 7159.2949       0.1993
 7160.0103       0.0950
 7161.6338       0.2084
 7162.6665       0.2559
 7165.3296       0.2465
 7166.3462       0.2642
 7169.3198       0.2262
 7170.3252       0.2568
 7173.6133       0.1980
 7174.6050       0.2203
 7176.0093       0.2114
 7176.5376       0.1858
 7178.2085       0.1755
 7179.1943       0.1840
 7180.8350       0.2705
 7181.7705       0.1878
 7183.1143       0.1381
 7184.0874       0.1460
 7188.3276       0.1160
 7189.3086       0.1216
 7193.8745       0.1035
 7194.8120       0.1035
 7198.5054       0.1115
 7199.6724       0.0885
 7199.9180       0.1018
 7200.8306       0.1332
 7201.4624       0.0856
 7202.9116       0.1143
 7207.9253       0.1486
 7221.1816       0.1278
 7221.5649       0.1165
 7222.3740       0.1263
 7223.5420       0.0981
 7223.8667       0.1089
 7225.2285       0.1492
 7228.7666       0.2118
 7229.4189       0.1780
 7232.4634       0.0956
 7233.1738       0.2609
 7233.5718       0.1212
 7234.2700       0.2205
 7236.0439       0.0980
 7237.1387       0.1089
 7238.7915       4.1989
 7240.1943       6.4680
 7240.8638       1.7026
 7241.4155       1.8265
 7241.9434       1.0212
 7242.3281       0.1159
 7242.7368       0.1240
 7243.4565       0.1757
 7243.8535       0.1103
 7244.5586       0.2560
 7244.9438       7.2646
 7245.6406       0.1657
 7245.8677       0.1911
 7246.5532       1.4399
 7246.9683       0.1675
 7247.5977       0.1899
 7248.6562       0.1637
 7249.6528       0.1905
 7250.7007       0.1709
 7251.9980       0.1339
 7253.1460       2.6528
 7255.2983       0.4402
 7255.9087       0.5237
 7256.2998       0.1027
 7257.1108       0.1252
 7259.1421       0.1449
 7260.2524       0.2122
 7261.2847       0.0893
 7262.6401       0.1770
 7263.7114       0.2173
 7265.4189       0.0917
 7266.4409       0.2014
 7267.4966       0.2270
 7268.0479       0.3058
 7269.0981       0.2375
 7270.5688       0.2154
 7271.6001       0.2223
 7273.2427       0.0926
 7275.1177       1.7605
 7276.0479       0.2053
 7276.4243      16.8024
 7277.0010       0.1451
 7279.2935       0.1160
 7279.7856       0.1466
 7280.8008       0.1572
 7281.5312       0.3164
 7281.6782       0.3564
 7284.4556       4.5379
 7284.8525       0.2966
 7285.7246       0.2181
 7286.0298       0.1913
 7286.4023       0.2121
 7289.7393       0.2722
 7290.2769       0.0978
 7291.0093       0.2169
 7291.3066       0.1027
 7291.7583       0.1166
 7292.1191       0.1784
 7292.3311       0.1745
 7295.8042       1.2121
 7296.1084       1.1884
 7303.7300       3.9159
 7305.7490       0.1779
 7307.0781       0.1860
 7307.4614       0.1711
 7310.7856       0.4245
 7311.3340       0.3963
 7316.2896      13.1392
 7329.1602       5.3836
 7329.4785       0.1750
 7330.3662       0.1423
 7330.8315       0.1347
 7331.5732       0.1048
 7332.2539       0.1435
 7332.7451       0.1317
 7340.9009      11.5612
 7341.7251       0.1607
 7344.5581       0.1187
 7344.9131       0.2725
 7346.9375       0.2211
 7347.8657       0.1821
 7350.3774       0.1026
 7350.6743       0.2771
 7351.4014       0.1191
 7352.1089       0.2343
 7352.5962       0.1272
 7353.2222       0.0910
 7353.7617       0.1025
 7354.3135       0.1162
 7355.4082       0.1038
 7356.0044       0.1171
 7356.2896       0.1137
 7357.4155       0.0962
 7358.0273       0.1205
 7358.6802       5.5437
 7360.1489       0.1099
 7360.3130       0.1088
 7360.6050       0.1177
 7361.6528       0.1040
 7362.2607       0.1155
 7363.2808       0.1029
 7363.5483       0.1361
 7363.9199       0.0947
 7364.3970       0.1521
 7364.6982       0.1257
 7365.5229       0.1261
 7365.7236       0.1035
 7365.9922       0.1069
 7366.8379       0.1094
 7367.1226       0.1085
 7367.5947       0.0916
 7368.7295       0.1058
 7369.2725       6.9046
 7369.4951       6.8380
 7370.6812       0.1219
 7373.4976       0.1137
 7374.0776       0.3006
 7374.5728       0.1404
 7375.6743       0.1051
 7377.7661       0.1155
 7378.2681       0.1078
 7378.8384       0.1198
 7379.4155       0.1144
 7382.4609       0.1201
 7383.4941       0.1164
 7383.6470       0.1105
 7387.3193       0.1350
 7388.3965       0.1447
 7390.1733       0.2336
 7392.2100       3.7579
 7392.6353       0.1269
 7393.7529       0.1250
 7395.4253       0.1021
 7398.5059       0.0953
 7399.5688       0.1089
 7401.6987       4.2351
 7402.0376       3.9665
 7411.8760       0.1593
 7412.0801       0.1763
 7412.6738       0.1885
 7413.7637       0.1508
 7416.1436       0.2192
 7417.8022       0.1779
 7422.8730       0.1648
 7422.8730       0.1648
 7429.7896       1.9032
 7429.7896       1.9032
 7438.2637       2.3439
 7438.7197       2.2202
 7439.2266       0.1131
 7439.4541       0.1250
 7442.2173       0.0932
 7444.2192       0.1064
 7447.0552       0.0858
 7451.8174       0.1194
 7458.3628       0.2392
 7461.2529       0.2193
 7462.4521       0.4947
 7463.1606       0.1434
 7463.7944       0.1174
 7464.8833       0.3084
 7466.6201       1.2681
 7468.2505       0.1444
 7469.8618       0.1186
 7470.7183       0.6533
 7471.3896       0.7883
 7471.5903       0.7536
 7472.0435       0.0973
 7473.6860       2.4108
 7476.4087       0.1303
 7479.0347       1.2380
 7479.6216       1.1843
 7480.2603       1.0938
 7483.1304       0.1629
 7483.4814       3.2174
 7484.3652       0.1376
 7486.3438       0.1838
 7488.2407       0.1625
 7493.6675       1.2307
 7499.7031       0.1770
 7502.2637       0.1110
 7517.2236       0.5153
 7517.5454       0.4715
 7520.4189       0.0930
 7522.6660       0.6784
 7524.0068       8.7098
 7524.8633       0.7280
 7528.1094       0.2022
 7528.3755       0.2053
 7530.6489       1.5147
 7530.7827       1.4911
 7535.7231       0.0998
 7536.1445       0.0856
 7537.2490       0.1165
 7537.5264       0.1141
 7540.1709       0.5018
 7540.6089       0.4469
 7546.5601       0.1170
 7546.8662       0.1061
 7550.0078       0.0819
 7552.7412       0.1787
 7553.5312       0.1652
 7557.5000       2.0335
 7558.4775       0.1345
 7559.9341       0.1227
 7561.5171       0.1465
 7563.6279       0.1227
 7567.4116       0.4076
 7567.8506       0.3630
 7571.7510       6.0957
 7573.6729       0.5406
 7574.5601       0.4832
 7586.0908       2.5403
 7598.3784       2.3753
 7605.1289       0.1014
 7606.2158       0.1021
 7607.3765       0.0720
 7608.5620       0.1352
 7609.8345       0.0942
 7611.1426       0.1162
 7612.6182       0.0991
 7613.7178       0.1046
 7614.0532       0.1280
 7614.5039       0.0770
 7615.5767       0.0996
 7618.0557       2.0328
 7619.7114       0.1287
 7621.3672       0.1134
 7622.0771       0.3195
 7622.6445       0.2634
 7622.9829       0.0905
 7623.6455       0.0866
 7623.6855       0.0723
 7625.3975       0.1380
 7626.1738       0.1014
 7626.5176       0.1327
 7627.7900       0.2462
 7628.5093       0.8395
 7628.7720       1.9593
 7630.0381       0.0886
 7630.2495       0.1343
 7631.6909       0.0900
 7633.0723       0.1618
 7634.1489       0.1597
 7637.2212       0.1513
 7638.3179       0.1475
 7639.0015       0.1064
 7639.3091       0.0564
 7641.5771       0.1305
 7641.8569       0.1400
 7642.6899       0.1392
 7643.7896       0.1014
 7644.9019       0.0910
 7646.1382       0.1220
 7647.2158       0.1242
 7648.4814       0.1074
 7649.5835       0.0999
 7650.9199       0.1043
 7651.9688       0.1164
 7653.3237       1.0236
 7655.8726       0.0965
 7656.9390       0.0965
 7658.4595       0.0953
 7662.1860       1.3403
 7662.5596       1.2867
 7672.0342       0.1199
 7672.8940       0.1489
 7681.4043       0.2931
 7682.1060       0.2464
 7684.0640       0.1311
 7684.3198       0.1337
 7684.9438       0.1181
 7685.2935       0.1452
 7685.7290       0.1395
 7686.1963       0.1350
 7686.6484       0.3659
 7687.9014       0.3291
 7688.7500       0.0910
 7689.3623       0.1401
 7689.7046       0.1459
 7690.1978       0.1038
 7690.9492       0.1412
 7691.5151       0.1574
 7691.9116       0.3222
 7692.7290       0.1655
 7693.5439       0.1744
 7694.7549       0.1678
 7695.8276       0.2114
 7696.9800       0.1671
 7698.3301       0.1658
 7698.9717       0.3983
 7699.4707       0.6073
 7699.9531       0.5481
 7701.0845       0.1548
 7702.2495       0.1336
 7702.7661       0.1052
 7703.7852       0.1167
 7704.1011       0.1195
 7710.9067       0.1094
 7712.2290       5.6628
 7712.6357       8.0230
 7713.6724       0.1754
 7713.9546       0.1407
 7715.0625       2.5345
 7715.8643       2.8589
 7716.2705       0.1673
 7716.9224      10.0680
 7717.4600       0.2147
 7718.0684       3.6500
 7720.3188       0.1843
 7721.4961       0.2093
 7723.6567       1.6675
 7724.5996       0.2063
 7724.9531       0.1556
 7726.0581       3.4114
 7726.8457       0.1123
 7727.6763       0.1466
 7729.1182       0.1795
 7730.2886       0.2692
 7731.9707       0.1345
 7732.8057       0.1004
 7733.8311       0.2548
 7734.0571       0.1872
 7734.9673       0.5202
 7735.8525       0.4811
 7738.2349       0.0980
 7738.4546       0.1065
 7738.8516       0.1512
 7740.3989       0.2625
 7741.0073       0.2457
 7741.9512       0.1077
 7744.0908       0.1516
 7745.2031       0.1555
 7745.5879       0.2708
 7746.4458       0.2286
 7749.4395       2.0052
 7750.6562      20.9867
 7751.8770       0.3089
 7752.3560       0.2239
 7752.5903       0.2342
 7755.2837       0.1289
 7756.3613       0.1413
 7756.8242       0.3852
 7756.9683       0.4394
 7760.0107       6.9925
 7761.2280       0.1174
 7762.3350       0.1300
 7764.4014       0.1267
 7767.4404       0.1122
 7768.5146       0.1214
 7769.0674       0.1773
 7769.2637       0.2118
 7771.9604       0.8495
 7773.2290       1.6236
 7773.5337       1.6293
 7773.8657       0.2080
 7774.1802       0.5157
 7774.9878       0.1059
 7775.4028       0.3562
 7779.2192       0.1367
 7779.6011       0.1273
 7780.4336       4.7248
 7781.1265       0.1096
 7781.5952       0.1057
 7782.3477       0.1433
 7783.6978       0.1727
 7785.0195       0.2168
 7785.5088       0.1608
 7785.7505       0.1590
 7786.2852       0.1324
 7786.7427       0.1672
 7787.4727       0.2098
 7788.6826       0.1879
 7789.6953       0.2287
 7790.6714       0.5203
 7791.2275       0.5408
 7792.1792       0.2088
 7793.4028       0.2010
 7794.1206      15.8224
 7794.9126       0.2023
 7796.1152       0.1488
 7797.9551       0.1445
 7799.1226       0.1033
 7799.3477       0.1078
 7799.8638       0.0984
 7802.2383       0.0881
 7803.5435       0.1075
 7804.0601       0.1442
 7806.4048       0.1659
 7807.6992       0.2210
 7808.4800       6.6913
 7810.3130       0.1972
 7811.5396       0.2512
 7812.4106       0.2175
 7813.3164       0.1846
 7814.4595       0.2408
 7814.8286       0.2426
 7815.7349       0.2668
 7816.6909       0.1102
 7818.8486       0.2416
 7819.3052       0.3398
 7820.0498       0.2423
 7820.9927       0.2718
 7821.5190      14.3636
 7822.1724       0.1217
 7823.4995       0.2023
 7824.6846       0.2177
 7825.7217       0.1522
 7828.3740       0.2145
 7828.7705       0.3569
 7829.5693       0.1918
 7833.5391       0.2693
 7834.2690       0.1349
 7834.7524       0.1518
 7838.6040       0.1210
 7838.9927       0.1185
 7840.1113       0.1291
 7841.2847       6.7951
 7844.6528       0.1163
 7845.8140       0.1056
 7849.1597       0.6628
 7849.7358       1.6802
 7850.5400       0.4367
 7851.9912       0.3939
 7852.3252       0.8567
 7853.2588       8.5257
 7853.5239      10.7990
 7854.3853       0.1215
 7855.7109       0.0950
 7858.0034       1.8751
 7858.2827       0.3778
 7860.6616       7.2786
 7867.7397       3.2565
 7868.0996       0.2712
 7870.7383       9.0700
 7873.4165       0.1314
 7878.2529       0.2553
 7878.7896       4.7601
 7880.9990       0.2279
 7881.6782       3.5516
 7883.0889       0.2444
 7884.4141       0.1921
 7884.7275       0.2524
 7885.6035       0.1368
 7886.0093       0.2504
 7886.6348       0.3595
 7887.9238       0.2730
 7888.8242       0.3534
 7889.6802       5.2483
 7890.5527       0.1622
 7891.2900       0.3513
 7892.5352       0.2945
 7893.0352       0.1042
 7893.5439       0.2298
 7894.0332       0.2980
 7895.3188       0.2520
 7897.0659       0.2111
 7897.9272       0.1812
 7898.2632       0.1448
 7898.6172       0.1373
 7902.6997       0.1715
 7903.2646       0.2230
 7905.6328       0.2428
 7906.9458       0.3593
 7909.6357       0.3624
 7910.9058       0.4179
 7912.2642       1.6923
 7913.7178      24.4786
 7915.1270       0.4647
 7918.4678       0.7020
 7919.6411       0.4644
 7921.1064       6.2801
 7923.2002       0.3353
 7924.4170       0.3552
 7928.2583       0.4166
 7928.5220       0.2106
 7929.4780       0.2921
 7930.8901       3.0493
 7931.4399       3.1244
 7932.0093       1.3413
 7933.2573       0.1200
 7933.5825       0.2473
 7934.8154       0.2042
 7935.2275       0.1216
 7937.6450       0.1375
 7938.3638       0.1156
 7938.6865       0.0893
 7939.2529       0.1636
 7940.4321       0.1518
 7941.7144       0.1558
 7942.0728       0.1098
 7942.2744       0.1201
 7942.8740       0.1371
 7943.2598       0.1413
 7944.0112       0.1403
 7944.4536       0.1320
 7945.3945       0.4127
 7946.2222       0.4019
 7949.2119       5.7847
 7952.4321       0.3000
 7962.6548       0.1688
 7963.9424       0.1646
 7964.6543      18.5479
 7968.0610       0.8457
 7968.2461       0.8578
 7969.4702       0.1293
 7970.8740       0.1113
 7972.5381       0.1108
 7973.0630       0.1013
 7973.3730       0.1507
 7975.5718       0.1304
 7977.0039       1.5057
 7977.6655       1.4580
 7979.7729       7.0654
 7986.0854       0.1303
 7986.9863       0.1221
 7987.4932       0.2588
 7988.2832       0.1632
 7989.7017       0.1659
 7991.1191       0.1569
 7991.6113       0.2137
 7993.3340      12.4183
 7994.0332       0.4128
 7995.0435       0.2015
 7996.1660       0.2485
 7997.4526       0.2161
 7998.1064       0.2810
 7998.9189       0.2164
 8000.1606       0.1910
 8001.8862       0.2024
 8002.3472       0.1092
 8003.1753       0.1612
 8004.2065       0.1294
 8005.0713       0.1115
 8005.6997       0.1108
 8008.2446       0.1608
 8010.6475       0.1831
 8012.0029       0.2329
 8014.0718       5.6471
 8014.7495       0.2793
 8016.0518       0.2726
 8019.1069       0.2761
 8020.0396       0.4889
 8020.3867       0.7297
 8023.7715       0.2659
 8025.0508       0.2963
 8025.6836       7.8750
 8025.9639       7.5955
 8028.1978       0.8127
 8029.0254       0.8083
 8029.9727       0.2248
 8031.7720       0.3464
 8033.9780       0.1890
 8034.8887       0.1093
 8035.2266       0.1850
 8036.1333       0.0928
 8039.5391       0.1521
 8040.7666       0.1859
 8041.1978       0.1049
 8041.6479       0.1133
 8042.4771       0.1225
 8045.3691       0.1112
 8046.5879       0.1081
 8049.8989       0.2636
 8050.1147       0.3104
 8052.0312       3.0372
 8055.4229       0.1051
 8056.6089       0.0948
 8057.0991       0.0919
 8059.1743       0.1179
 8061.9912       4.0684
 8062.3892       3.9185
 8063.7515       0.1199
 8066.0840       0.1810
 8067.6055       0.1253
 8074.4077       0.1632
 8074.6997       0.1849
 8077.1523       0.3032
 8077.6182       0.3021
 8084.5967       0.4533
 8085.6152       0.4474
 8093.6768       0.8847
 8094.9590       0.1770
 8098.6392       0.0903
 8099.7505       0.1038
 8101.1514       0.1485
 8102.2461       1.7072
 8102.7734       1.5930
 8104.2939       0.1234
 8104.6748       0.1067
 8105.0132       0.1933
 8106.3374       0.1332
 8107.3901       0.1481
 8108.7168       0.1329
 8110.0996       0.1421
 8111.4136       0.1200
 8113.1704       0.1033
 8119.5894       0.1073
 8122.0239       0.1168
 8123.4146       0.1535
 8126.2295       0.1467
 8127.5654       0.1815
 8130.7095       0.1422
 8131.5327       0.1366
 8132.0273       0.1781
 8132.7109       0.1173
 8134.5933       0.1604
 8135.5186       0.1449
 8136.3159       0.1292
 8136.8237       0.1567
 8138.3643       0.2291
 8138.9780       0.4649
 8139.2788       0.4183
 8139.5981       0.1950
 8140.2139       0.2066
 8140.6597       0.1368
 8141.9429       0.1261
 8146.1172       0.1306
 8146.5010       0.8998
 8147.1816       0.5902
 8147.6479       0.2856
 8151.1289       0.0926
 8151.9028       0.1108
 8153.1528       0.1070
 8188.2095       0.3569
 8188.6343       0.2707
 8194.8555       0.4124
 8195.6455       0.3427
 8204.6465       0.1133
 8205.9805       0.1231
 8207.5117       0.1790
 8208.3584       0.1175
 8209.4121       0.1239
 8213.8955       0.1525
 8215.3252       0.1583
 8241.4688       0.2594
 8241.9990       0.2415
 8247.3564       0.3435
 8248.3018       0.2793
 8255.1865       0.3012
 8268.6143       0.1155
 8272.0801       0.0932
 8276.5322       0.2244
 8278.3125       3.3334
 8278.5938       1.5563
 8281.0391       1.7234
 8281.6934       8.3378
 8282.3232       0.1659
 8282.6777       0.7563
 8283.1777       0.4812
 8283.8174       0.1155
 8284.9385       0.1581
 8286.4053       3.6253
 8288.6084      13.7231
 8290.5889       0.7881
 8296.2520       5.9021
 8298.9062      16.8148
 8299.4805       0.2343
 8302.0215       0.4312
 8302.5342       0.4475
 8304.0820       0.3078
 8305.1953       0.2397
 8308.3662       0.1550
 8310.7246       5.9864
 8317.6855       0.3456
 8318.4795       0.2816
 8319.6865       0.1086
 8337.5576       0.3283
 8338.4180       0.2467
 8338.7041       0.2244
 8343.0361       3.1141
 8344.6133      41.3499
 8349.6436       0.6961
 8349.9336       0.7251
 8352.8770       8.0904
 8356.2744       0.1451
 8360.4326       0.2760
 8360.7051       0.3029
 8361.0996       0.3295
 8361.6963       0.3002
 8362.6377       0.2441
 8363.0449       0.2324
 8364.5088       2.5528
 8364.9697       2.3724
 8365.4873       0.1544
 8366.4385       0.3177
 8367.0840       0.1378
 8369.4561       0.1159
 8372.8135       0.1067
 8376.1230       0.1405
 8379.9180       0.7781
 8380.7480       0.7663
 8382.4023       9.3045
 8387.2891       0.1321
 8390.1797       0.1948
 8391.1689       0.2237
 8391.6895       0.2051
 8395.6094       0.1138
 8399.1758      31.6444
 8399.1758      31.3224
 8400.4580       0.2252
 8415.2422      13.1818
 8423.0176       0.1431
 8423.3037       0.1501
 8424.1211       0.2231
 8424.7549       0.1445
 8426.3857       0.2678
 8427.4297       0.3713
 8430.1172      22.1756
 8430.1768      22.2793
 8432.1709       0.2925
 8434.3857       0.5997
 8435.9775       0.0966
 8446.3701       0.4199
 8446.7793       0.2791
 8448.5996       0.0727
 8449.3447       0.0823
 8450.9736       0.1152
 8452.2656      10.9385
 8453.7949       0.1013
 8454.1514       0.1447
 8456.7852       0.1009
 8460.4561       0.1341
 8460.8857       0.1325
 8461.5684       0.1342
 8462.4092       0.1398
 8465.2334      13.4872
 8465.5146      13.3193
 8474.6191       0.4642
 8614.5566       0.0944
 8615.5605       0.2023
 8617.1367       0.1873
 8618.3652       0.3552
 8619.9199       0.4008
 8621.3574       0.5968
 8622.8955       0.5840
 8624.5439       0.9917
 8626.0693       0.8934
 8627.9229       1.3897
 8629.4307       1.2563
 8631.4961       1.6280
 8632.9873       1.3567
 8635.2666       1.6369
 8636.7256       1.1784
 8639.2500       1.1066
 8640.6592       0.5475
 8641.8545       0.3259
 8642.2803       0.2297
 8643.8799       0.0559
 8646.8994       1.2514
 8649.7158       1.6251
 8650.3818       0.8268
 8651.2939       4.6954
 8652.2578       0.1943
 8653.7686       0.2628
 8654.3594       4.9773
 8655.8623       6.3010
 8657.7314       0.2662
 8659.1406       5.6847
 8660.6436       6.5728
 8664.1299       5.0979
 8665.5908       6.0434
 8667.9570       0.2170
 8669.2812       4.7635
 8670.7305       5.2720
 8674.6318       3.5000
 8676.0664       3.7420
 8680.1719       2.4899
 8681.5889       2.5033
 8683.4023       0.1055
 8685.8926       1.5132
 8687.3027       1.6904
 8691.8115       0.8302
 8693.2119       0.9427
 8697.9199       0.4466
 8699.3057       0.5248
 8700.1221       0.5134
 8700.6934       0.4567
 8701.6357       0.1092
 8702.1357       0.1104
 8704.2119       0.2644
 8705.6084       0.2620
 8706.9551       0.7120
 8707.9912       0.5934
 8710.7178       0.1557
 8711.5947       0.0957
 8712.0811       0.1564
 8716.6309       0.1056
 8717.4072       0.1102
 8718.7539       0.1154
 8726.7539       0.3780
 8737.4805       0.2676
 8739.1641       0.2064
 8740.6035       0.3260
 8742.9736       0.2194
 8746.9824       0.1280
 8750.2480       0.3639
 8758.7295       6.5773
 8760.2783       3.1061
 8761.3369      13.5895
 8761.6172       4.7877
 8763.0166       0.5219
 8763.7236       0.4298
 8766.4189       7.1627
 8767.9248      22.7940
 8769.1592       0.7248
 8770.3760       0.5947
 8775.0352       0.2276
 8776.2217      10.2830
 8778.3438      25.0033
 8790.2402       0.7836
 8791.1895       9.4346
 8801.5957       0.1356
 8801.9570       0.1347
 8809.2188       0.7206
 8810.1826       0.4884
 8810.4424       0.4835
 8825.4648       4.5045
 8827.1123      59.4300
 8828.0098       0.3022
 8829.8887       0.2121
 8830.7686       0.5870
 8831.5596       0.4335
 8832.9209       1.3687
 8833.1221       1.2414
 8833.5469       0.2311
 8834.1162       0.5105
 8834.5264       0.4300
 8836.4492      13.8985
 8837.6836       0.5859
 8845.2783       0.4388
 8845.6152       0.4462
 8847.0059       0.2099
 8849.6045       3.9797
 8850.0742       3.9305
 8854.1738       0.1456
 8859.2002       0.0935
 8859.8096       0.1021
 8860.7676       0.1145
 8861.6670       0.4277
 8862.4990       0.1780
 8862.8477       0.5152
 8863.4062       0.3654
 8864.3809       0.0932
 8867.0039       1.2292
 8867.6055      14.1431
 8871.3438       0.0998
 8884.4912       0.1543
 8885.8564      43.2693
 8888.6992       0.3962
 8890.0459       0.4082
 8895.2139       0.2700
 8895.4570       0.2697
 8896.5596       0.3264
 8897.2559       0.2817
 8903.1230      19.4915
 8904.3555       0.4244
 8905.6846       0.1517
 8908.4043       0.6979
 8910.0420       0.5685
 8914.8096       0.1387
 8916.7568       0.1521
 8919.6367      31.4542
 8920.8555       0.4096
 8921.4277       0.1607
 8922.7998       0.1251
 8924.0527       0.2843
 8926.1875       0.2061
 8926.7793       0.3589
 8927.4131       0.1130
 8928.0928       0.7385
 8929.0957       0.1164
 8929.6973       0.2277
 8930.1201       0.1364
 8931.8105       0.1249
 8933.1084       0.1484
 8933.9609       0.1715
 8934.3271       0.1544
 8934.7627       0.1270
 8935.3633       0.2118
 8936.2568       0.2588
 8937.9551       0.1388
 8939.3887       0.1286
 8939.7871       0.1364
 8941.4248       0.1225
 8943.4082      16.6944
 8945.1709       0.1109
 8947.5557       0.1307
 8955.5400       0.1131
 8957.9512      19.3162
 8958.2539      19.2912
 8960.1611       0.1606
 8962.9893       0.1041
 8963.3525       0.1359
 8965.0059       0.1714
 8968.5107       0.1630
 8969.4092       0.1042
 8970.0977       0.1898
 8971.2324       0.6119
 8973.8682       0.1598
 8975.4395       0.1674
 8977.5586       0.0987
 8977.9941       0.1786
 8978.5488       0.1258
 8979.4844       0.2566
 8981.1113       0.6937
 8982.3320       0.4108
 8985.4141       0.1154
 8985.7842       0.7310
 8986.9551       0.1322
 8987.6357       0.1798
 8988.3838      10.3731
 8991.4648       0.1024
 8992.3096       0.4739
 8992.5420       0.5532
 8993.0693       0.1011
 8997.9102       0.0927
 9001.1348      11.9922
 9001.5928      12.0589
 9020.9346       0.3393
 9021.2695       0.3545
 9025.9658       0.1003
 9027.5508       0.1598
 9028.5059       0.3075
 9028.9951       0.1597
 9030.2490       0.1448
 9031.7500       0.2032
 9038.0586       3.5968
 9043.6084       0.2746
 9049.2539       5.8107
 9049.8652       5.6008
 9050.7725       0.1492
 9052.2432       0.1394
 9053.9561       0.1372
 9055.7031       0.1243
 9056.6172       0.1530
 9056.9688       0.2206
 9059.4648       0.1136
 9061.0791       0.1017
 9064.2500       0.4834
 9065.6543       0.3791
 9068.5586       0.6474
 9070.6602       0.4858
 9074.5439       0.1060
 9076.2646       0.1322
 9079.5391       0.1367
 9081.2021       0.1416
 9082.7969       0.1153
 9083.6006       0.1216
 9090.3467       0.1457
 9091.1816       0.0998
 9091.9980       0.1556
 9092.4209       1.5502
 9092.7285       1.5785
 9093.6650       0.4061
 9096.1523       0.1408
 9097.3467       0.0831
 9097.7852       0.1515
 9098.8906       0.1082
 9099.3320       0.1156
 9102.4053       2.8839
 9103.1807       2.6350
 9103.8574       0.1249
 9108.6826       0.0955
 9110.2441       0.1157
 9133.9648       0.2417
 9136.3682       0.2221
 9139.9131       0.1660
 9144.0049       0.0987
 9147.2451       0.1038
 9151.4199       0.2878
 9151.7930       1.1660
 9152.2568       1.0332
 9152.9746       0.4334
 9154.5908       0.3345
 9156.9746       0.5457
 9159.3496       0.4246
 9160.6992       1.6739
 9161.6543       1.5777
 9174.5605       0.1250
 9175.8809       0.1240
 9200.0742       0.1276
 9205.1201       0.1271
 9208.8389       0.1328
 9210.5332       0.1245
 9214.5283       0.1256
 9216.2725       1.0584
 9216.8770       0.8125
 9224.2949       1.5935
 9225.4199       1.2010
 9226.9385       0.2323
 9228.5430       0.1408
 9229.2285       0.1408
 9229.4727       0.1440
 9233.5342       0.1331
 9233.9463       0.1171
 9247.5361       0.4157
 9248.3369       0.1815
 9249.3760       0.2919
 9250.6221       0.2056
 9251.2715       0.5588
 9253.9248       0.3296
 9254.5420       0.1411
 9260.8750       0.1885
 9262.5908       0.5566
 9265.9932       0.2874
 9286.0557       0.9640
 9286.8193       0.7013
 9288.6191       0.4738
 9293.2783       1.1641
 9294.6387       1.0011
 9306.0107      11.6258
 9307.3848      21.5181
 9309.0615       5.3789
 9310.7617       2.9120
 9312.9043      10.2950
 9313.3457      34.7735
 9316.4717       0.2722
 9317.8203       3.0970
 9322.4805      10.9019
 9323.7627      33.9415
 9330.5557       1.1287
 9331.1133       1.3131
 9337.8740      12.6347
 9346.5957       0.1628
 9347.0566       0.1560
 9348.2588       0.4397
 9348.5869       1.0165
 9349.5820       0.7309
 9349.8418       0.7062
 9350.3145       0.2792
 9351.7266       0.5202
 9354.6904       0.2942
 9361.3037       0.7874
 9362.2441       0.7569
 9367.8828       1.2258
 9372.1318       0.7551
 9373.4150       0.6327
 9373.8281       0.6451
 9374.3379       6.6110
 9375.9766      89.7287
 9382.7812       1.4524
 9383.0801       1.5253
 9386.7949       9.7780
 9394.3311       0.2527
 9396.9199       0.6356
 9397.2803       0.7369
 9401.2754       0.5924
 9401.8574       6.3829
 9402.3359       6.1549
 9402.7158       0.5419
 9403.2891       0.4407
 9404.9453       0.1268
 9405.1152       0.1257
 9416.6162       0.3082
 9416.8867       0.3143
 9419.7461      18.4213
 9421.8613       0.2584
 9422.7363       2.0675
 9433.3438       0.1270
 9436.1592       0.3282
 9438.4531       0.3599
 9439.6699      58.1552
 9441.7822       0.1786
 9442.2627       0.8717
 9443.4141       0.1304
 9446.7949       0.6457
 9448.2578       1.5851
 9450.1240       0.8560
 9455.3174       0.4011
 9457.7764       0.2989
 9458.5244      27.0894
 9476.8955      39.9477
 9478.5459       0.3080
 9479.4385       0.2140
 9483.0361       0.4525
 9484.1719       0.1891
 9490.5303       0.8887
 9495.0312       0.1323
 9497.9365       0.1300
 9499.9619       0.1717
 9502.8350      21.7464
 9504.7119       0.1595
 9519.2051      24.7207
 9519.5391      26.0261
 9525.4131       0.1271
 9526.5488       0.1421
 9529.1592       0.7958
 9530.4951       0.6528
 9534.7256       0.9731
 9536.8926       1.2238
 9537.1035       0.8751
 9552.5469      15.5670
 9560.1768       0.6319
 9560.4268       0.7114
 9567.1133      18.2210
 9567.6113      17.4108
 9569.2051       0.3142
 9571.8545       0.2205
 9572.3174       0.4038
 9575.9727       0.2563
 9591.7227       0.4627
 9592.0869       0.4361
 9607.7021       6.6388
 9615.2031       0.4125
 9620.6641       8.9747
 9621.3369       5.7744
 9622.3135       0.6444
 9623.8555       0.4522
 9627.4580       0.8572
 9629.8350       0.6212
 9631.1914       0.2284
 9631.5908       0.2711
 9633.8740       0.1888
 9635.9170       0.1406
 9651.5771       0.3232
 9653.2754       0.4281
 9653.8643       0.3016
 9654.6416       0.2411
 9655.6055       0.2707
 9657.8525       0.5127
 9659.0889       0.9104
 9660.3398       0.4396
 9662.6396       1.0693
 9668.7051       4.9271
 9669.7578       1.0284
 9670.9404       0.5753
 9674.2432       1.6369
 9678.0938       0.1691
 9678.5479       0.1786
 9679.9746       5.0576
 9680.8311       4.6384
 9682.2480       7.4141
 9685.7217       0.4212
 9690.5107       4.4186
 9693.1904       0.3763
 9697.2148       0.2298
 9697.9014       0.4031
 9699.3428      17.8120
 9704.6406       0.2914
 9704.9541       0.2844
 9711.7148       9.0829
 9719.8389      26.9594
 9721.9375       0.5077
 9723.7432       0.4039
 9725.4912       0.1832
 9726.7520       0.6183
 9728.0400       0.2625
 9728.4697       0.2101
 9729.4502       0.4744
 9732.8271       0.4234
 9734.8066       2.0113
 9735.2891       1.7961
 9738.0957       9.6260
 9745.2354       3.0432
 9746.3027       2.8749
 9755.9961       0.1989
 9784.4668       0.2648
 9788.3828       0.1727
 9789.2988       4.2775
 9789.5098       4.0981
 9791.1162      60.5073
 9796.2998       1.1542
 9796.7705       1.1322
 9799.5508       8.8878
 9799.8271      12.5226
 9803.9209       0.1554
 9804.4258       0.2063
 9807.1826       1.4456
 9807.8516       1.4967
 9808.4600       0.4667
 9811.5947       3.8266
 9812.3740       3.7321
 9816.6211       2.0914
 9817.9180       2.4962
 9820.4375       0.2227
 9821.6475       0.2360
 9825.9844       0.2239
 9827.5332       0.9904
 9828.4316       0.4108
 9828.9170       1.0730
 9830.4971       0.3473
 9832.9258       0.4879
 9835.9629       0.3869
 9847.4541       0.2904
 9848.4941      16.2151
 9849.6016       0.4278
 9867.9150       0.1547
 9872.1475      50.2618
 9883.4160       0.4758
 9885.7578       1.2060
 9886.5820       1.0407
 9894.3701       2.0793
 9894.7510      20.6942
 9895.8682       1.4874
 9900.4062       0.6234
 9912.7432       0.5726
 9913.8242       1.4505
 9914.5547      29.1613
 9914.7773      32.2443
 9941.6650      23.0330
 9942.2129      12.3498
 9944.5566       0.7566
 9945.2979      16.0065
 9946.5146      34.1659
 9947.7471       8.7475
 9948.3740       5.7065
 9949.6943       3.0182
 9956.5986      47.6926
 9960.3594       3.8815
 9961.7217      19.8573
 9962.1436      18.7629
 9970.7373       0.9996
 9971.8340       0.9972
 9972.3574      12.8893
 9974.2598       0.9357
 9974.4873       0.8005
 9977.4072       0.9325
 9978.5898       2.9411
 9980.2871       1.8030
 9985.9463       0.2058
10000.0078       5.8582
10000.9385       1.0628
10002.3164       0.4816
10002.6953       0.4817
10011.3643       6.5382
10012.8311      85.4184
10013.7061      10.3341
10014.2979       9.4928
10021.2266       1.6888
10021.5273       1.6918
10025.4756      24.0857
10028.7871       0.3193
10031.0674       0.2796
10032.7754       0.2019
10033.3174       0.3102
10035.5146       0.4341
10036.0605       0.3605
10037.7031       0.8543
10038.0547       0.7286
10043.2959       7.1704
10043.7754       7.0959
10058.8887       1.9454
10059.1904       1.9163
10060.7246      18.7447
10062.4521       0.9275
10063.6523       0.8339
10066.7988       2.5873
10067.6699       2.4256
10069.6953       1.1766
10070.4971       3.6610
10071.2578       3.5811
10071.7812       1.1742
10076.2334       0.2903
10082.4580      55.3395
10096.0664       0.7762
10103.6250      21.7419
10122.2529       0.8075
10122.7119       1.0986
10124.0146      45.1588
10131.3984       0.3650
10132.1777       1.2482
10133.1289       1.0249
10136.4639       0.4177
10138.6729       0.2628
10143.0576       1.0464
10147.3984       0.6946
10149.0176       2.5094
10152.2246       1.2811
10152.9844      25.5568
10154.8604       1.0938
10155.0146       0.8706
10158.4922       7.5694
10161.2402       0.6183
10162.6982       0.6067
10164.3809       4.1542
10167.6289       1.6583
10167.8887       1.0936
10170.3643       1.3437
10171.5469      34.2626
10171.9668      37.2201
10181.0537      11.7465
10182.5986       0.7768
10184.8154       0.7645
10185.1250       0.9677
10189.7197      44.3114
10190.7246       0.8103
10194.8271       0.7085
10198.8096       0.7736
10199.9170       0.6154
10203.0664      21.2981
10206.7949       0.7947
10208.8076      18.8235
10211.0664      58.7144
10220.5693       0.8786
10225.5400      21.8175
10226.0850      21.1486
10230.6719      23.2005
10271.1152       7.3343
10284.7002       8.6983
10284.9004       9.5205
10286.6523     154.4083
10292.2812       3.2538
10292.7852       2.5989
10295.8730      27.8010
10296.1914      30.6309
10309.1318       9.2266
10309.9229       9.8955
10326.5918       2.5189
10328.0234       2.6542
10339.9590       2.6693
10340.1885       3.9233
10347.2852      36.3103
10353.5205       4.8870
10354.4834       4.5601
10372.8838      67.0213
10396.5693       3.3344
10418.3877       0.0000
